1.000366703337000757e-01
1.163916391639164133e-01
1.357535753575357940e-01
1.562522918958562657e-01
1.741474147414741602e-01
1.804180418041804457e-01
1.845251191785845235e-01
1.955262192885955097e-01
2.026769343601026452e-01
2.136413641364137139e-01
2.247158049138247848e-01
2.382471580491382634e-01
2.478181151448478337e-01
2.595526219288595837e-01
2.600660066006600935e-01
2.610561056105610289e-01
2.671433810047671997e-01
2.653832049871654442e-01
2.525852585258526184e-01
2.396406307297396787e-01
2.202786945361202842e-01
1.982025264900735551e-01
1.760279314316408050e-01
1.469684627751842998e-01
1.341474959031785097e-01
1.165971996260659199e-01
9.504932049207603928e-02
7.989034315906441697e-02
8.191222878156360909e-02
7.870036500631956422e-02
8.433936955063717211e-02
8.219315895372233949e-02
7.028839704896044926e-02
5.100603621730383924e-02
1.988598256203891537e-02
-3.085177733065063658e-03
-2.189805499664653279e-02
-4.748490945674042896e-02
-7.880617035546610971e-02
-1.091884641180415755e-01
4.747474747474747514e-02
5.151515151515151381e-02
5.202020202020203599e-02
5.101010101010101938e-02
5.000000000000000971e-02
4.898989898989900005e-02
4.797979797979799038e-02
5.000000000000000971e-02
5.202020202020203599e-02
5.404040404040406920e-02
5.404040404040406920e-02
5.505050505050508580e-02
5.454545454545456362e-02
5.303030303030302484e-02
5.303030303030302484e-02
5.202020202020200823e-02
5.151515151515149299e-02
4.797979797979794181e-02
4.444444444444439757e-02
3.939393939393933536e-02
3.333333333333327042e-02
2.628750559785035870e-02
2.124944021495741089e-02
1.820669751704231606e-02
1.415385380902621157e-02
1.455938697318007700e-02
1.447230929989553119e-02
1.539533263671199505e-02
1.631835597352845543e-02
1.773399014778333574e-02
2.266009852216757658e-02
2.857142857142867115e-02
3.497536945812816656e-02
3.940886699507396840e-02
4.482758620689662743e-02
4.729064039408876347e-02
4.827586206896560678e-02
4.729064039408876347e-02
4.778325123152717818e-02
4.630541871921191321e-02
-9.427880741337660991e-03
-2.336825141015331630e-03
5.640612409347281475e-03
1.216760676873487532e-02
1.974214343271553027e-02
2.610797743755034067e-02
3.464947622884768930e-02
3.286059629331182508e-02
3.349012892828361759e-02
3.576551168412567955e-02
3.033541498791295088e-02
2.907030620467362242e-02
2.193896051571311151e-02
1.299758259468168295e-02
-5.103746978243365803e-03
-3.107272360999195279e-02
-6.941176470588233949e-02
-9.558823529411764053e-02
-1.265441176470588347e-01
-1.613970588235294212e-01
-1.916176470588235314e-01
-2.234558823529411709e-01
-9.529942047649668513e-03
8.370895041854905117e-04
1.204121056020610384e-02
2.221506761107540015e-02
3.322601416613012171e-02
4.629748873148750721e-02
5.737282678686420750e-02
6.767546683837739885e-02
7.417900837089511090e-02
7.244043786220225045e-02
7.250482936252419797e-02
7.070186735350937612e-02
6.741790083708956716e-02
6.696716033483583741e-02
6.490663232453319775e-02
5.616646773357629463e-02
4.721997549981943321e-02
3.911347824038451104e-02
2.880946398002296946e-02
1.969814521068589258e-02
8.913157853407314979e-03
-4.852802600788334690e-03
-1.515340097058400469e-02
-2.951989069150182804e-02
-4.408536585365845778e-02
-5.280487804878043756e-02
-6.006097560975602601e-02
-6.786585365853650686e-02
-7.268292682926821846e-02
-8.067073170731700604e-02
-8.664634146341457233e-02
-8.054878048780482469e-02
-7.817073170731701770e-02
-7.201219512195114469e-02
-6.493902439024382134e-02
-5.774390243902430969e-02
-5.201219512195113387e-02
-4.701219512195113637e-02
-4.469512195121942699e-02
-4.036585365853648938e-02
-3.658536585365844418e-02
-4.347560975609746775e-02
-5.121951219512186487e-02
-5.865853658536576004e-02
3.043213633597097872e-03
1.667681071211200156e-02
2.961046865489957991e-02
4.707851491174681879e-02
6.357273280584298247e-02
7.836275106512477495e-02
9.272671941570297116e-02
1.099513085818624447e-01
1.225502130249543492e-01
1.247108947048082700e-01
1.256847230675593452e-01
1.343578819233110233e-01
1.445526475958612556e-01
1.459829580036519081e-01
1.481132075471698617e-01
1.360584583063841335e-01
1.248853669893162516e-01
1.123051508973110790e-01
1.055212794528254949e-01
1.027610449585154295e-01
9.739259362848007306e-02
8.204497599595728108e-02
6.059119390912319492e-02
5.015821532603710609e-02
2.947780678851182404e-02
2.509138381201050233e-02
2.002610966057445305e-02
9.895561357702389177e-03
-8.172323759791091588e-03
-3.206266318537855098e-02
-4.509138381201040213e-02
-5.355091383812007194e-02
-5.684073107049604501e-02
-6.530026109660570788e-02
-6.919060052219318246e-02
-7.138381201044383118e-02
-7.133159268929498142e-02
-7.070496083550908972e-02
-7.036553524804170512e-02
-5.673629242819837326e-02
-5.057441253263701697e-02
-4.592689295039158182e-02
-4.391644908616183091e-02
-3.947780678851169067e-02
-5.771812080536908862e-02
-6.062639821029077586e-02
-6.677852348993286447e-02
-7.013422818791945068e-02
-6.979865771812078512e-02
-6.923937360178966660e-02
-6.644295302013417115e-02
-6.263982102908273453e-02
-5.480984340044736669e-02
-4.519015659955252090e-02
-3.982102908277399683e-02
-3.501118568232657047e-02
-2.953020134228182686e-02
-2.494407158836683264e-02
-2.539149888143172468e-02
-2.472035794183440396e-02
-2.628635346756148100e-02
-2.337807606263978336e-02
-2.035794183445186617e-02
-2.002237136465319367e-02
-1.692888839989726765e-02
-1.741115634283196129e-02
-1.494003740785562750e-02
-1.026258847691346489e-02
-4.888326548575174998e-03
-1.071038251366118570e-02
-1.693622327355409629e-02
-3.527634136501997530e-02
-5.688597938900501194e-02
-7.792349726775957275e-02
-9.770491803278688603e-02
-1.149726775956284308e-01
-1.337704918032787127e-01
-1.540983606557377317e-01
-1.727868852459016613e-01
-1.826229508196721696e-01
-1.909289617486339130e-01
-1.925683060109290301e-01
-1.954098360655737721e-01
-1.975956284153005671e-01
-3.069507864028449447e-03
2.156265854895959237e-03
6.773211567732083035e-03
1.189751395230843022e-02
1.867072552004055488e-02
2.696600710299336054e-02
4.010654490106539682e-02
4.959411466260776197e-02
5.849822425164885598e-02
6.212582445459151337e-02
6.549974632166408184e-02
7.191780821917802269e-02
8.099949264332820253e-02
8.650431253170973167e-02
9.155251141552507577e-02
8.676250513424546562e-02
7.452520174374979711e-02
6.598355259185151311e-02
5.846103138447160397e-02
5.341586937095858800e-02
4.441038811319712037e-02
3.116308497714193743e-02
1.729375107067260622e-02
8.957741422101806600e-03
5.777675063553600662e-04
3.928819043216932698e-03
3.119944534319310514e-03
-6.933210076266068094e-04
-4.876357753640014545e-03
-1.691703258608744098e-02
-2.475155997226724178e-02
-2.604575918650344282e-02
-2.576843078345283228e-02
-2.602264848624922730e-02
-2.948925352438188166e-02
-3.369540097064950557e-02
-3.191587705107473000e-02
-2.821816501039991348e-02
-2.768661890455289404e-02
-2.128495493413458742e-02
-1.566905477235968486e-02
-1.874277790617063719e-02
-2.616131268777450308e-02
-3.529003928819048758e-02
-4.264507422402160491e-02
-3.454790823211877082e-02
-2.604588394062078843e-02
-1.322537112010798224e-02
-1.484480431848868342e-03
1.201079622132251654e-02
2.496626180836705386e-02
3.765182186234815320e-02
5.276653171390011110e-02
5.816464237516864866e-02
6.680161943319835871e-02
7.705802968960859256e-02
8.717948717948713344e-02
9.244264507422397803e-02
9.851551956815110533e-02
9.385596859281067350e-02
8.962875720770456522e-02
8.498294687768372102e-02
7.995730585204269270e-02
7.692356766040978067e-02
6.733946754999385609e-02
4.408980493191019812e-02
2.369427064163906471e-02
7.457244509876104037e-03
-1.309090909090906626e-02
-2.072727272727271225e-02
-3.272727272727272291e-02
-4.618181818181818499e-02
-6.181818181818182767e-02
-8.375757575757575291e-02
-9.648484848484847887e-02
-9.672727272727273118e-02
-1.026666666666666561e-01
-1.063030303030303159e-01
-1.095757575757575902e-01
-1.135757575757575799e-01
-1.143030303030302813e-01
-1.128484848484848230e-01
-1.130909090909090614e-01
-1.119999999999999885e-01
-1.167272727272727212e-01
-1.294545454545454610e-01
-1.390303030303030318e-01
-1.478787878787878873e-01
-1.899462778204144553e-01
-2.050652340752110447e-01
-2.153491941673061905e-01
-2.231772831926323308e-01
-2.265541059094397236e-01
-2.243284727551803359e-01
-2.220260936300844090e-01
-2.175748273215655781e-01
-2.117421335379892078e-01
-2.089025326170375618e-01
-2.007674597083652368e-01
-1.943975441289331751e-01
-1.732924021488871369e-01
-1.552721703830005351e-01
-1.394571524813951746e-01
-1.229261398165736319e-01
-1.067628827314620193e-01
-8.964762834114105294e-02
-7.414403933838724370e-02
-5.535857037188808560e-02
-4.641742168264677282e-02
-3.520361990950233305e-02
-3.891402714932133688e-02
-3.855203619909507162e-02
-3.981900452488692371e-02
-4.361990950226247998e-02
-4.886877828054303485e-02
-5.701357466063353835e-02
-6.389140271493216894e-02
-7.095022624434392522e-02
-7.800904977375569538e-02
-8.914027149321268606e-02
-1.032579185520362125e-01
-1.155656108597285237e-01
-1.213574660633484487e-01
-1.282352941176470862e-01
-1.286877828054299178e-01
-1.262443438914027660e-01
-1.264253393665158709e-01
-1.364705882352941491e-01
-1.459728506787330571e-01
-2.412177985948482997e-02
-2.045277127244346863e-02
-1.623731459797039117e-02
-1.147540983606563404e-02
-6.401249024199901112e-03
-1.561280249805358758e-04
2.654176424668185444e-03
4.605776736924234969e-03
6.479313036690044665e-03
6.245120999218950041e-04
7.806401249023755314e-04
1.717408274785287101e-03
1.092896174863350681e-03
7.025761124121352678e-04
8.587041373926157951e-04
-2.941114416524287165e-03
-7.110998586408451630e-03
-1.105344220098319723e-02
-1.523092178829884256e-02
-1.651243749604404745e-02
-2.129501867206784124e-02
-2.832288963436501578e-02
-3.349663480811018723e-02
-3.859822351625626091e-02
-4.586872586872580565e-02
-4.942084942084936511e-02
-5.065637065637060982e-02
-5.274131274131269725e-02
-5.382239382239377423e-02
-5.698841698841694559e-02
-5.969111969111963456e-02
-5.583011583011578127e-02
-5.428571428571422886e-02
-5.297297297297291069e-02
-4.926640926640919738e-02
-4.625482625482618682e-02
-4.416988416988410632e-02
-4.138996138996133001e-02
-4.409266409266403286e-02
-4.416988416988411326e-02
-4.355212355212349784e-02
-4.787644787644781269e-02
-5.150579150579145254e-02
-5.436293436293430925e-02
-3.960330578512395727e-02
-3.857851239669420063e-02
-3.375206611570246568e-02
-2.542148760330577642e-02
-1.633057851239668595e-02
-9.487603305785116681e-03
8.264462809917438651e-04
1.054545454545456271e-02
2.138842975206613553e-02
2.846280991735539861e-02
3.685950413223142152e-02
4.737190082644628791e-02
5.375206611570249038e-02
5.884297520661156689e-02
6.343801652892563925e-02
6.376213260423788109e-02
6.225911887155907015e-02
6.545901944945006767e-02
6.479711675883924327e-02
5.780401416765053313e-02
5.165425961598211352e-02
3.964556018144536897e-02
3.160380289566894207e-02
1.388728018393092442e-02
-1.302255639097742515e-02
-3.091729323308269745e-02
-5.206015037593982736e-02
-7.924812030075187308e-02
-1.018646616541353245e-01
-1.247218045112781920e-01
-1.464060150375939839e-01
-1.572932330827067626e-01
-1.713984962406014945e-01
-1.755488721804510932e-01
-1.783157894736841498e-01
-1.834586466165413210e-01
-1.863157894736841846e-01
-1.865563909774435591e-01
-1.907067669172932134e-01
-1.907368421052631491e-01
-1.927218045112781830e-01
-2.035488721804511181e-01
-2.149473684210526370e-01
-2.260751879699248457e-01
-1.075621890547264342e-01
-1.185074626865672276e-01
-1.249751243781095089e-01
-1.391044776119403636e-01
-1.507462686567164756e-01
-1.601990049751244594e-01
-1.689552238805970830e-01
-1.789054726368159987e-01
-1.898507462686567782e-01
-1.988059701492538023e-01
-2.095522388059702368e-01
-2.113432835820895916e-01
-2.128358208955224706e-01
-2.100497512437811687e-01
-2.042786069651741643e-01
-2.000995024875622530e-01
-1.997014925373135075e-01
-1.985074626865672431e-01
-2.007960199004975854e-01
-1.995024875621891347e-01
-2.005970149253732404e-01
-1.844436547421622608e-01
-1.681592039800995642e-01
-1.483921661533602054e-01
2.148554336989039887e-02
2.691924227318052282e-02
3.394815553339986663e-02
3.783649052841482618e-02
3.903290129611174802e-02
4.032901296111672529e-02
4.436689930209380267e-02
5.014955134596219694e-02
5.069790628115661280e-02
4.710867397806587503e-02
4.436689930209380267e-02
3.524426719840486472e-02
2.671984047856438421e-02
2.048853439680964339e-02
1.321036889332010723e-02
4.336989032901356414e-03
-9.621136590229256713e-03
-2.278165503489526164e-02
-2.318045862412755967e-02
-2.018943170488527589e-02
-2.070736034085238556e-02
-1.795945172295607128e-02
-1.538154092410263206e-02
-1.391338679274670490e-02
-1.318174383100693611e-02
-2.008953607926217133e-02
-1.983955360481052740e-02
-2.055001986228811167e-02
-3.047464053153038990e-02
-4.633789062499998890e-02
-5.947265624999999167e-02
1.068123393316195296e-01
1.151028277634961183e-01
1.219151670951156285e-01
1.310411311053983896e-01
1.347686375321336116e-01
1.250078975663902192e-01
1.121400086366046989e-01
9.902077422234330240e-02
8.625990093988286644e-02
7.544719064000721120e-02
5.708853679106665885e-02
3.248370492953058658e-02
1.099174595630118823e-02
-1.389276119208319484e-02
-3.275084554678679705e-02
-3.974069898534374201e-02
-3.872604284103710326e-02
-3.506200676437419561e-02
-3.117249154453204454e-02
-2.282976324689958703e-02
-8.568207440811641956e-03
8.187894806610529979e-17
5.016910935738531224e-03
1.048478015783547643e-02
1.595264937993244939e-02
2.378804960541160141e-02
2.282976324689976397e-02
1.944757609921091840e-02
1.251409244644881812e-02
-3.664036076662777110e-03
-2.266065388951509288e-02
-3.427282976324678987e-02
-4.396843291995480157e-02
-5.152198421645989151e-02
-6.009019165727162715e-02
-6.069565769697832236e-02
-5.944986126750201327e-02
-5.545043704706540538e-02
-5.297140916179880754e-02
-4.824936087778070037e-02
-4.259822944332326833e-02
-3.872783783727798412e-02
-3.660565723793658861e-03
-4.658901830282836422e-03
-5.158069883527433008e-03
-4.991680532445906017e-03
-5.823627287853556586e-03
-9.816971713810284175e-03
-1.613976705490845209e-02
-2.379367720465886543e-02
-3.061564059900163601e-02
-3.727121464226285097e-02
-4.209650582362724214e-02
-4.908485856905153710e-02
-5.524126455906817890e-02
-6.272878535773707132e-02
-7.104825291181363078e-02
-7.337770382695504856e-02
-7.287853577371047886e-02
-7.337770382695506244e-02
-7.221297836938433967e-02
-7.321131447587353458e-02
-7.004991680532443588e-02
-5.759801597222820313e-02
-4.561999431000146599e-02
-3.261834765891045290e-02
-2.000637969532644694e-02
-9.243661255420592901e-03
1.942645964267922134e-04
1.149408441313986944e-02
1.804016909066350621e-02
2.794565189278662778e-02
3.367875647668392564e-02
3.229706390328150600e-02
3.091537132987908637e-02
2.884283246977546039e-02
2.819904348143546791e-03
4.821778443040896159e-03
8.062015503875964023e-03
1.333333333333332552e-02
2.015503875968991873e-02
2.821705426356588275e-02
3.457364341085271409e-02
3.937984496124029288e-02
4.465116279069766131e-02
4.387596899224803504e-02
4.263565891472866076e-02
4.186046511627903449e-02
4.108527131782942210e-02
4.139534883720927261e-02
3.984496124031004782e-02
3.798449612403097253e-02
3.240310077519376747e-02
2.728682170542632429e-02
2.093023255813950337e-02
1.581395348837206019e-02
1.131782945736430589e-02
5.581395348837186847e-03
6.201550387596628522e-04
-1.837099777299140658e-03
-3.681988000924908775e-03
-6.776921859978357610e-03
-5.210957370425819794e-03
-4.429922237231207968e-03
-2.561668674625483533e-03
-2.267168047898936081e-03
-2.453360592895464411e-03
2.684336704270272583e-03
6.593406593406606411e-03
7.849293563579291116e-03
1.004709576138148458e-02
1.177394034536891586e-02
1.098901098901098987e-02
1.130298273155415714e-02
8.477237048665622193e-03
7.849293563579277239e-03
8.791208791208784262e-03
5.337519623233892216e-03
1.726844583987419135e-03
-1.255886970172712027e-03
-1.131178707224327409e-02
-6.939163498098796512e-03
1.045627376425919226e-03
1.563688212927763499e-02
3.255703422053238955e-02
5.080798479087458158e-02
6.288022813688218249e-02
7.276615969581753940e-02
8.588403041825100337e-02
9.130228136882133361e-02
9.600760456273768617e-02
1.008555133079848537e-01
1.066064638783270624e-01
1.083174904942966615e-01
1.082699619771863714e-01
9.765564157771776388e-02
8.651875290406610408e-02
7.248655131116543693e-02
5.627957239059450112e-02
3.296262180716354184e-02
1.169896860663737978e-02
-1.018566389403343861e-02
-3.525920629830561065e-02
-5.232341642507012253e-02
-6.983648881239234996e-02
-7.646299483648873185e-02
-7.766781411359717502e-02
-8.111015490533556027e-02
-8.489672977624777850e-02
-8.528399311531835447e-02
-8.588640275387257605e-02
-7.861445783132522958e-02
-6.940619621342505874e-02
-6.441480206540439735e-02
-6.127366609294314370e-02
-6.118760757314968546e-02
-6.299483648881232245e-02
-6.953528399311525998e-02
-8.395008605851973782e-02
-9.350258175559372775e-02
-1.055938037865747914e-01
-1.277108433734938930e-01
-1.512478485370051251e-01
-1.772805507745266185e-01
2.091181506849310034e-02
1.983716332473030655e-02
1.847653751130522853e-02
1.868516726225929320e-02
1.944671927734765993e-02
2.211968240575302655e-02
3.103037522334727710e-02
3.776057176891012973e-02
4.443120905300779883e-02
5.163787969029189767e-02
5.413936867182851664e-02
5.592614651578323853e-02
5.318642048838596870e-02
4.800476474091722873e-02
4.407385348421680865e-02
4.008338296605124668e-02
3.365098272781420763e-02
2.567004169148304205e-02
9.529481834425273037e-03
-7.504466944609861252e-03
-2.025014889815363733e-02
-3.055390113162593374e-02
-3.478260869565214658e-02
-3.770101250744486987e-02
-4.008338296605119810e-02
-4.246575342465751940e-02
-4.854079809410361684e-02
-4.779928339327800535e-02
-4.312238385659674517e-02
-3.874923276221902552e-02
-3.166353832056530843e-02
-2.714708104646875245e-02
-2.226136393362575586e-02
-1.571841321389132878e-02
-1.088444555483568388e-02
-6.559707685722756913e-03
1.782304264799451643e-03
1.336728198599578758e-03
2.100572883513652199e-03
4.010184595798824310e-03
9.548058561425528789e-04
-5.728835136855703683e-04
-4.964990451941457203e-03
-1.410000000000000142e-01
-1.385000000000000120e-01
-1.368888888888888933e-01
-1.278689727463312442e-01
-1.145146750524108914e-01
-9.899161425576520623e-02
-8.417190775681342163e-02
-7.378616352201258777e-02
-6.569601677148848018e-02
-5.966037735849057805e-02
-4.262788259958073117e-02
-2.235849056603774962e-02
3.396226415094318746e-03
1.962264150943394264e-02
4.591194968553456712e-02
8.452830188679243129e-02
1.117610062893081568e-01
1.404402515723270350e-01
1.649056603773584873e-01
1.845911949685534459e-01
1.984905660377358494e-01
2.045283018867924407e-01
2.033962264150943611e-01
2.061635220125786483e-01
1.891194968553459310e-01
1.584276729559748464e-01
1.331446540880502905e-01
1.107547169811320675e-01
9.320754716981130561e-02
8.012578616352197813e-02
6.163522012578612902e-02
5.012578616352199312e-02
4.107142857142855735e-02
4.212662337662335249e-02
3.948863636363635077e-02
3.944805194805191956e-02
3.733766233766232234e-02
3.283279220779217883e-02
3.003246753246750084e-02
2.585227272727268558e-02
1.769480519480514866e-02
1.314935064935061383e-02
1.095779220779217675e-02
8.603896103896080741e-03
2.695010685516974203e-03
-6.719546276508339515e-03
-1.293409912871942326e-02
-1.152494657241496211e-02
-1.023086881472961597e-02
-8.556633240177583671e-03
-4.489972053263234161e-03
-1.921851882294967799e-03
-1.951648035508841365e-03
-3.401898734177270182e-03
-3.481012658227898744e-03
1.107594936708809850e-03
4.351265822784758722e-03
1.542721518987289278e-03
-1.305379746835492278e-03
-7.832278481012696497e-03
5.850019630938394985e-03
1.177856301531552948e-04
-6.674519042010176872e-03
-1.209265802905375511e-02
-1.335402014778726623e-02
-1.569636153454630895e-02
-2.231995102792023317e-02
-2.231496896415337272e-02
-2.153477777825988509e-02
-2.108454385429486128e-02
-2.113137525370353820e-02
-1.921258964299654357e-02
-1.767308372551012682e-02
-1.788784281620956970e-02
-2.157183790421612554e-02
-2.398690135079819402e-02
-2.533769954973394412e-02
-2.525583299222267097e-02
-2.480556692591075890e-02
-2.619729840360212128e-02
-2.316823577568561873e-02
-2.345476872697501575e-02
-2.300450266066311061e-02
-1.772410970118704771e-02
-1.461318051575928589e-02
-1.154318460908715892e-02
-6.590257879656130462e-03
-3.110929185427730587e-03
-1.023331968890678996e-03
2.742529676627119412e-03
-1.637331150224952711e-04
-2.619729840360184546e-03
-6.672124437167384521e-03
-1.653704461727380920e-02
-1.789981386943053504e-02
-1.713019099622332259e-02
4.795829306086539512e-03
2.633084906269698641e-02
4.707297514033675911e-02
5.741780272654365552e-02
6.880513231756210657e-02
7.931034482758615722e-02
8.949478748997588551e-02
1.008821170809943296e-01
1.098636728147553560e-01
1.105052125100239868e-01
1.105052125100240146e-01
1.138732959101843856e-01
1.169206094627104620e-01
1.234161988773054830e-01
1.182036888532477514e-01
1.133921411387329020e-01
1.047313552526062119e-01
9.695268644747387365e-02
8.773055332798709860e-02
7.746591820368878278e-02
6.768243785084195052e-02
5.469125902165189457e-02
4.410585404971924944e-02
2.680393667504281027e-02
1.835922317253468189e-02
1.378825284374559854e-02
9.868649409013630427e-03
3.950785892426150400e-03
2.240538328910011891e-03
-3.402352606192041856e-03
-8.295667654216168710e-03
-2.471162526119262143e-03
2.749410840534153438e-03
1.249018067556950315e-02
2.333071484681851354e-02
3.165750196386486054e-02
4.084838963079337470e-02
4.956794972505887409e-02
5.247446975648070028e-02
5.797329143754904879e-02
6.684996072270221745e-02
6.087981146897088192e-02
5.616653574234088675e-02
5.082482325216021446e-02
-1.548946716232964781e-02
-1.239157372986372449e-02
-8.302354399008718064e-03
-5.576208178438696143e-03
1.425030978934284636e-03
6.629491945477042521e-03
1.208178438661705947e-02
1.734820322180911922e-02
1.926889714993800656e-02
2.131350681536550370e-02
2.372986369268891699e-02
2.850061957868643692e-02
2.912019826517963164e-02
2.930607187112759318e-02
2.893432465923168745e-02
2.376559444928217496e-02
1.028530088243915022e-02
-1.771287795404975470e-03
-1.101973369167233083e-02
-1.595684019290189576e-02
-2.386659829936333202e-02
-3.466649574840831999e-02
-4.620671973973274754e-02
-6.332550940271436390e-02
-8.234244946492272343e-02
-9.042806183115340013e-02
-9.952437574316290447e-02
-1.136741973840665887e-01
-1.270511296076100027e-01
-1.444708680142687274e-01
-1.599286563614744361e-01
-1.759809750297265107e-01
-1.941141498216409078e-01
-2.075505350772889612e-01
-2.214625445897740741e-01
-2.396551724137931383e-01
-2.499999999999999445e-01
-2.571343638525563913e-01
1.327561327561330162e-02
1.695526695526698019e-02
2.142857142857144612e-02
2.431457431457433385e-02
2.669552669552671675e-02
3.189033189033189941e-02
3.138528138528139805e-02
2.417027417027418218e-02
1.911976911976913732e-02
1.890331890331892195e-02
1.803751803751806396e-02
1.984126984126986792e-02
1.926406926406928899e-02
2.236652236652239209e-02
2.626262626262629296e-02
2.642069550466499828e-02
2.050053424099228944e-02
1.423339171430776894e-02
7.161583115781614342e-03
1.347168522741050032e-03
-4.537193086811411487e-03
-1.318859257790556440e-02
-1.924203870768757471e-02
-2.788462597622904868e-02
-4.462179042331716750e-02
-5.614156835530884765e-02
-6.391394864677310550e-02
-7.175572519083971146e-02
-7.814018043025679205e-02
-8.771686328938238519e-02
-9.521165857043720204e-02
-9.444829979181125490e-02
-9.396252602359471406e-02
-9.500346981263012303e-02
-8.632893823733520100e-02
-7.765440666204026510e-02
-7.120055517002081558e-02
-6.377515614156836765e-02
-6.044413601665512420e-02
-5.995836224843860418e-02
-6.113809854267870936e-02
-6.891047883414298802e-02
-7.668285912560722506e-02
-8.084663428174879152e-02
-2.581128307538698222e-02
-2.541188217673496716e-02
-2.481278082875692723e-02
-2.426360459311039872e-02
-2.271592611083382215e-02
-1.967049425861215964e-02
-1.877184223664511015e-02
-1.647528706939598020e-02
-1.108337493759369193e-02
-5.292061907139372981e-03
-6.540189715426941719e-03
-9.286070893659596412e-03
-1.487768347478790609e-02
-2.171742386420377063e-02
-2.636045931103352460e-02
-2.751802158611186405e-02
-3.238075936042806441e-02
-3.630632690708893162e-02
-3.997762654636539958e-02
-4.672502404735090487e-02
-4.345209072682158780e-02
-3.980543531143244940e-02
-3.422809462745309006e-02
-2.899524252409908451e-02
-2.651434643995750212e-02
-2.619553666312435247e-02
-2.311370882040385266e-02
-2.167906482465465148e-02
-2.130712008501596880e-02
-2.449521785334752080e-02
-2.736450584484593704e-02
-2.375132837407017278e-02
-1.960680127523915448e-02
-1.301806588735393219e-02
-8.289054197662111198e-03
-5.685441020191322851e-03
-6.004250797024474236e-03
-5.791710945802374180e-03
-1.073326248671629610e-02
-1.030818278427209772e-02
-1.073326248671629610e-02
-1.625929861849099989e-02
-1.418703506907548206e-02
-1.052072263549417783e-02
-6.572379367720460053e-02
-6.980033277870212327e-02
-6.331436556016212247e-02
-5.640353860815150444e-02
-5.152492929218640411e-02
-4.655990782704083619e-02
-4.136307504680653002e-02
-3.653456639180244908e-02
-3.066252378632294828e-02
-2.739862659839489845e-02
-2.171319746401787626e-02
-1.795580110497232290e-02
-2.504604051565371622e-02
-3.241252302025777327e-02
-4.134438305709019212e-02
-4.944751381215465452e-02
-5.506445672191526836e-02
-6.279926335174951246e-02
-6.629834254143641969e-02
-6.427255985267031624e-02
-6.086556169429094970e-02
-5.589318600368322482e-02
-5.064456721915283621e-02
-4.889502762430937566e-02
-4.456721915285449809e-02
-4.116022099447511073e-02
-4.401473296500917065e-02
-4.558011049723754288e-02
-4.834254143646406210e-02
-5.405156537753218193e-02
-6.114180478821358566e-02
-6.749539594843456669e-02
1.343460716828854054e-02
2.720151910752423990e-02
4.094469499169228754e-02
5.535248041775449324e-02
7.042487538571080841e-02
8.609067173035833687e-02
1.012817469736528864e-01
1.093045335865178436e-01
1.160693092807974641e-01
1.141941609304532729e-01
1.141941609304532729e-01
1.167813909328268701e-01
1.191312603845240403e-01
1.202943270828387839e-01
1.214336577260858724e-01
1.091556181570582512e-01
9.519826876663070592e-02
8.577505490477455030e-02
7.987050965548983528e-02
7.242632586195779654e-02
6.685393205632132740e-02
4.740922615860655720e-02
2.203847456747724809e-02
-3.635993672429729644e-03
-3.121483642425510602e-02
-4.817670347989169710e-02
-6.570118774744743151e-02
-8.339237341112734625e-02
-1.042925609501979822e-01
-1.266722233798708297e-01
-1.519274848926860100e-01
-1.589081058553865611e-01
-1.579078974786414513e-01
-1.580329235257345588e-01
-1.543654928110023417e-01
-1.511356532610961256e-01
-1.480308397582830171e-01
-1.460095853302772473e-01
-1.488851844134194968e-01
-1.459887476557616415e-01
-1.436549281100229503e-01
-1.509064388414253499e-01
-1.607209835382371332e-01
-1.669306105438633225e-01
-5.237399561723880131e-02
-5.171658144631112453e-02
-4.835646457268073795e-02
-4.477720964207446142e-02
-4.119795471146819182e-02
-3.491599707815921244e-02
-3.162892622352079380e-02
-2.775748721694665938e-02
-2.249817384952517568e-02
-2.074506939371801445e-02
-2.249817384952517568e-02
-2.403214024835645043e-02
-2.454346238130020175e-02
-2.731921110299486213e-02
-2.878013148283415507e-02
-2.687423863894449275e-02
-2.515461593363020956e-02
-2.287010029458356672e-02
-2.321920334638933117e-02
-2.392014379295775289e-02
-1.984630760465416754e-02
-1.648010821301757259e-02
-1.647463952710373492e-02
-1.530713088741703608e-02
-1.718869365928188050e-02
-2.375859434682962151e-02
-2.902979373567607380e-02
-3.636363636363635493e-02
-4.003055767761649897e-02
-4.744079449961802197e-02
-5.576776165011458619e-02
-5.752482811306340593e-02
-5.706646294881587839e-02
-5.485103132161954498e-02
-5.393430099312451764e-02
-5.362872421695950159e-02
-5.378151260504202696e-02
-5.248281130634072783e-02
-5.683728036669214584e-02
-5.683728036669213196e-02
-5.637891520244461135e-02
-6.157372039724982177e-02
-6.638655462184875344e-02
-7.333842627960276972e-02
7.159926470588226510e-02
7.987132352941166136e-02
9.724264705882343374e-02
1.106617647058822651e-01
1.261029411764705011e-01
1.362132352941175517e-01
1.431066176470587037e-01
1.573529411764704733e-01
1.736213235294116475e-01
2.019301470588234226e-01
2.240808823529410743e-01
2.342830882352940347e-01
2.249999999999999223e-01
2.093749999999999223e-01
1.947585818073785113e-01
1.793169833360340193e-01
1.583629577864202609e-01
1.325359207043697862e-01
1.025753018149407614e-01
6.094112920650344989e-02
2.555695659806615089e-02
4.876303138335152595e-03
-6.244176389564169705e-03
-4.958677685950502873e-03
-5.601469237832966408e-03
-5.325987144169044667e-03
-1.836547291092821294e-03
5.509641873278167679e-03
1.551882460973363388e-02
1.616161616161609568e-02
1.625344352617073135e-02
4.866850321395719756e-03
-7.621671258034937169e-03
-2.415059687786964143e-02
-4.040404040404044217e-02
-5.537190082644632971e-02
-7.043158861340684251e-02
-9.109274563820023152e-02
-1.116620752984389953e-01
-1.194674012855831552e-01
-1.213039485766758824e-01
-3.233794610342319298e-02
-2.563729060451569453e-02
-1.747997086671526298e-02
-1.026948288419523257e-02
-1.675163874726919716e-03
9.541150764748687965e-03
1.849963583394024363e-02
2.563729060451561820e-02
3.343044428259282080e-02
3.117261471230876532e-02
2.942461762563724353e-02
2.898761835396937436e-02
2.680262199562998340e-02
2.709395484340857557e-02
2.840495265841220737e-02
2.701422164296390233e-02
2.457883236861269777e-02
1.338745990978902969e-02
1.815974751153177132e-03
-9.162213618532866199e-03
-2.100750054305466213e-02
-3.596974227265178209e-02
-4.866776555372409607e-02
-6.133547999642226245e-02
-7.543859649122809652e-02
-8.568421052631582102e-02
-9.200000000000002620e-02
-8.912280701754386747e-02
-8.919298245614035170e-02
-9.157894736842106531e-02
-9.157894736842105143e-02
-8.273684210526315030e-02
-7.431578947368419619e-02
-6.757894736842104400e-02
-5.866666666666664476e-02
-5.045614035087717802e-02
-4.638596491228068330e-02
-4.329824561403507882e-02
-4.147368421052630844e-02
-3.466666666666665120e-02
-2.673684210526313526e-02
-2.708771929824559804e-02
-2.807017543859647787e-02
-2.835087719298244949e-02
2.766075388026610973e-02
3.037694013303773172e-02
3.087583148558761814e-02
3.392461197339248502e-02
3.730598669623062108e-02
4.246119733924615114e-02
3.907982261640798732e-02
3.508869179600888899e-02
3.625277161862529296e-02
3.486696230598671647e-02
2.865853658536586870e-02
2.577605321507762254e-02
2.511086474501111193e-02
2.544345898004438111e-02
2.483370288248341190e-02
2.299231540260613174e-02
1.813148862497348038e-02
1.090237827658480443e-02
3.073717461956722123e-03
-4.718008686936152156e-03
-7.508064271178160713e-03
-1.265811135072741900e-02
-1.689706284360475638e-02
-2.130167360204111154e-02
-2.421917808219177168e-02
-2.558904109589040313e-02
-2.219178082191779200e-02
-2.104109589041093867e-02
-1.649315068493147768e-02
-1.616438356164381224e-02
-1.227397260273971683e-02
-3.287671232876700385e-03
4.219178082191797283e-03
1.232876712328768824e-02
2.109589041095893264e-02
2.454794520547947528e-02
2.668493150684932494e-02
2.975342465753426716e-02
2.668493150684934229e-02
2.827397260273974491e-02
2.838356164383563224e-02
2.690410958904111347e-02
1.709589041095892908e-02
9.698630136986317873e-03
-5.359922178988320296e-02
-6.673151750972755591e-02
-8.025291828793768012e-02
-9.396887159533069689e-02
-1.019455252918287369e-01
-1.091439688715952760e-01
-1.182879377431906159e-01
-1.099334590144160628e-01
-1.010145322474725604e-01
-9.339526551617846617e-02
-7.872910961504958616e-02
-6.232951524925511855e-02
-4.435429110061788610e-02
-2.969103896858127367e-02
-1.634330591877495090e-02
-5.054233471969778353e-03
1.526980482204352493e-02
2.032146957520083314e-02
2.525832376578636060e-02
2.939150401836961371e-02
3.260619977037881867e-02
3.673938002296206484e-02
4.270952927669340038e-02
4.856486796785297599e-02
6.084959816303094071e-02
7.347876004592415744e-02
7.921928817451200089e-02
8.438576349024103085e-02
9.035591274397236639e-02
-3.754175016700071060e-02
-3.333333333333338144e-02
-2.745490981963931779e-02
-2.304609218436877785e-02
-1.589846359385441513e-02
-1.035404141616570392e-02
1.336005344020965713e-04
9.752839011356003937e-03
2.304609218436869805e-02
2.384769539078151687e-02
2.338009352037403316e-02
1.837007348029386783e-02
1.322645290581157471e-02
7.949231796927146848e-03
-1.202404809619269863e-03
-6.616316856726901568e-04
-1.189006720439698093e-02
-2.399565441678141661e-02
-3.891997518168013176e-02
-4.757381904972463049e-02
-5.489921717693992120e-02
-5.898520647463375427e-02
-6.435908590609454305e-02
-6.728441461808556956e-02
-7.124555160142352628e-02
-8.263345195729540626e-02
-8.370106761565840325e-02
-8.483985765124558986e-02
-8.718861209964416659e-02
-9.096085409252674392e-02
-9.430604982206411413e-02
-9.359430604982212076e-02
-9.195729537366552353e-02
-9.060498220640572642e-02
-8.782918149466197033e-02
-8.612099644128119735e-02
-8.583629893238439723e-02
-8.569395017793599023e-02
-8.804270462633455308e-02
-8.825622775800714970e-02
-8.669039145907476984e-02
-8.861209964412813944e-02
-9.195729537366550965e-02
-9.459074733096090037e-02
-4.598825831702548633e-02
-5.146771037181998437e-02
-5.655577299412918590e-02
-6.066536203522506637e-02
-6.506849315068494177e-02
-6.751467710371823749e-02
-7.260273972602744597e-02
-7.837573385518595281e-02
-8.101761252446190720e-02
-8.131115459882590213e-02
-8.268101761252454052e-02
-8.454011741682983250e-02
-8.727984344422709539e-02
-8.884540117416836469e-02
-9.070450097847364279e-02
-8.288779743251949161e-02
-7.709647024715524100e-02
-7.039126152744205889e-02
-6.459993434207780827e-02
-5.881969226046586396e-02
-5.029972415145664982e-02
-4.269555615244575997e-02
-3.385987576156794521e-02
-2.444627775006501247e-02
-1.525054466230935449e-02
-1.623093681917209610e-02
-1.568627450980389706e-02
-1.601307189542482481e-02
-1.448801742919388416e-02
-1.470588235294115545e-02
-1.525054466230933367e-02
-1.023965141612197954e-02
-4.466230936819136008e-03
5.446623093682391534e-04
5.555555555555610411e-03
1.056644880174296627e-02
1.448801742919394141e-02
1.949891067538131809e-02
1.971677559912858937e-02
2.244008714596954640e-02
2.276688453159045333e-02
1.895424836601311211e-02
1.296296296296299902e-02
7.189542483660152014e-03
-4.751773049645382357e-02
-4.680851063829779418e-02
-4.508611955420458589e-02
-4.336372847011137066e-02
-4.093211752786213298e-02
-3.779128672745687978e-02
-3.515704154002018134e-02
-3.181357649442747432e-02
-2.897669706180336369e-02
-3.039513677811542941e-02
-3.029381965552171291e-02
-2.907801418439708713e-02
-2.928064842958452013e-02
-2.877406281661592027e-02
-2.826747720364733429e-02
-2.565602836879424947e-02
-2.624525075987835243e-02
-2.753229483282668838e-02
-2.708554964539000576e-02
-2.633770263424511926e-02
-2.498195288753791640e-02
-2.632028875379932575e-02
-2.713494174265444411e-02
-2.846472897669701310e-02
-3.302083333333328402e-02
-3.864583333333326820e-02
-4.218749999999993339e-02
-4.739583333333326209e-02
-5.312499999999994310e-02
-6.197916666666664076e-02
-7.156249999999995948e-02
-7.406249999999996170e-02
-7.749999999999997169e-02
-8.072916666666661578e-02
-7.979166666666660801e-02
-8.124999999999996114e-02
-8.291666666666662466e-02
-8.343749999999994227e-02
-8.718749999999994560e-02
-8.739583333333328374e-02
-8.739583333333326987e-02
-9.229166666666657748e-02
-9.697916666666658858e-02
-1.005208333333332538e-01
-5.120209059233449267e-02
-4.098655409631019042e-02
-3.199052979540782660e-02
-2.336303939962473125e-02
-1.523295809881171706e-02
-3.270794246403960215e-03
6.325828642901848431e-03
1.439560439560444091e-02
1.615384615384620262e-02
1.571428571428575352e-02
1.076923076923079481e-02
6.483516483516501942e-03
1.098901098901268442e-04
-4.505494505494507876e-03
-7.802197802197792867e-03
-1.340659340659339227e-02
-1.604395604395603137e-02
-1.967032967032966012e-02
-2.351648351648350302e-02
-2.692307692307689335e-02
-3.219780219780215419e-02
-3.725274725274720089e-02
-3.967032967032962237e-02
-4.483516483516477441e-02
-5.076923076923071931e-02
-5.824175824175821525e-02
-6.582417582417579571e-02
-7.010989010989007730e-02
-6.736263736263732593e-02
-6.381995228970313572e-02
-5.669964673523390092e-02
-5.088420476320830443e-02
-4.514371749247191035e-02
-3.562329722472069166e-02
-2.947675100700009043e-02
-2.072412759245496200e-02
-1.341245942669427524e-02
-9.608540925266865346e-03
-1.245551601423484228e-02
-1.387900355871884116e-02
6.043437204910307933e-03
2.190745986779984653e-02
4.013220018885745727e-02
6.005665722379607135e-02
7.743153918791315093e-02
9.499527856468370501e-02
1.058545797922569032e-01
1.138810198300283655e-01
1.175637393767705596e-01
1.198300283286119206e-01
1.236071765816808554e-01
1.278564683663834245e-01
1.317280453257790584e-01
1.355996222851747202e-01
1.344664778092539981e-01
1.247224038158882414e-01
1.127747512166775712e-01
1.024289968765889763e-01
9.213699426164020934e-02
8.035204958717714896e-02
6.827486017287723308e-02
5.123217355511979626e-02
3.662816880947199205e-02
2.501150093218088705e-02
2.042735042735050605e-02
2.641025641025648157e-02
3.683760683760690935e-02
4.393162393162399620e-02
5.547008547008554225e-02
6.529914529914535026e-02
6.905982905982910314e-02
8.136752136752142817e-02
9.188034188034194250e-02
9.965811965811971485e-02
1.062393162393163032e-01
1.231623931623932328e-01
1.368376068376069010e-01
1.556410256410257209e-01
1.739316239316240076e-01
1.881196581196581952e-01
2.079487179487179982e-01
2.109401709401709790e-01
2.016239316239317181e-01
1.982905982905983633e-01
6.233739145708267794e-03
1.864151044658880763e-02
2.762164918148366649e-02
3.808513155663870858e-02
5.065824060148542418e-02
5.190745233503731709e-02
5.401555431140579039e-02
5.393608729540137758e-02
4.333593141075601368e-02
3.328137178487917264e-02
2.751363990646920471e-02
2.026500389711612810e-02
1.777084957131722098e-02
1.176929072486359792e-02
2.650038971161339241e-03
-4.286827747466880056e-03
-1.169134840218240094e-02
-1.831644583008574384e-02
-2.268121590023383649e-02
-2.735775526110679340e-02
-3.530787217459082500e-02
-4.512860483242403520e-02
-5.572876071706937828e-02
-6.952455183164459041e-02
-7.911145752143415588e-02
-8.480124707716289734e-02
-9.197194076383474748e-02
-9.883086515978174724e-02
-9.942690703314017997e-02
-9.950799783384713104e-02
-9.221689235423598252e-02
-8.408024560927249147e-02
-7.611130779381250488e-02
-6.157856292268321097e-02
-4.909596700954762388e-02
-3.788892449389970329e-02
-2.484191142001961408e-02
-1.723518850987438775e-02
-1.804308797127474745e-02
-1.903052064631962498e-02
-2.441651705565534708e-02
-3.043087971274691106e-02
-3.447037701974869223e-02
1.254646544876885650e-01
1.388085782366957344e-01
1.522637013502779468e-01
1.723272438443207988e-01
1.946306592533755819e-01
2.204606830818109098e-01
2.328673550436853590e-01
2.429864972200158346e-01
2.450039714058776519e-01
2.424622716441619530e-01
2.318983320095313050e-01
2.186020651310563445e-01
2.068625893566321816e-01
1.947895154884828062e-01
1.914376489277203608e-01
1.828435266084192934e-01
1.871326449563144589e-01
1.713506850624508249e-01
1.570356746063730768e-01
1.405343211690716909e-01
1.310106954557476722e-01
1.082539079160386858e-01
7.941195852888272011e-02
4.590718372845549455e-02
-2.077614353604556423e-03
-4.497501517883069344e-02
-9.607343192248848918e-02
-1.255354411014788230e-01
-1.469020907700152589e-01
-1.704742478327383737e-01
-1.950790413054563910e-01
-2.098419173890871681e-01
-2.208439571647119182e-01
-2.282253952065272651e-01
-2.320882202957674223e-01
-2.413437021927587744e-01
-2.497705252422233735e-01
-2.627868434472208081e-01
-2.889852116267210835e-01
-3.177205507394186834e-01
-3.501147373788883188e-01
-7.067448680351909318e-02
-7.595307917888567684e-02
-7.012116319217308325e-02
-6.809592644476283874e-02
-6.174387349928787266e-02
-5.597652257064662795e-02
-5.048211058601034112e-02
-4.294416664805237455e-02
-3.353787799012269977e-02
-2.383833420022822905e-02
-1.299534004086635129e-02
-9.793253536452277593e-04
-2.285092491838926210e-03
3.264417845484248078e-03
7.181719260065328250e-03
1.033732317736675219e-02
1.534276387377590291e-02
1.926006528835698395e-02
2.415669205658330793e-02
2.535364526659418874e-02
2.100108813928190307e-02
1.773667029379769403e-02
1.773667029379769750e-02
1.403699673558224392e-02
9.357997823721509248e-03
7.290533188248154994e-03
-2.986725663716688784e-03
1.238938053097358646e-02
2.179203539823021743e-02
2.151548672566384185e-02
2.455752212389391426e-02
3.141592920353993013e-02
3.622787610619480209e-02
3.113938053097354761e-02
1.515486725663726074e-02
-1.050884955752116965e-03
-2.173672566371671194e-02
-4.905973451327423629e-02
-7.383849557522113860e-02
-8.744469026548663815e-02
-1.026548672566371112e-01
-1.017141610548953912e-01
-1.039596775141321955e-01
-9.694511041380196592e-02
-8.364741623476591725e-02
-7.069208417069183792e-02
-5.031371563891923193e-02
-3.084322004019319705e-02
-1.076461117183183901e-02
3.880789526260733282e-03
1.533864541832667336e-02
1.235059760956172537e-02
1.042496679946875761e-02
9.428950863213774944e-03
6.905710491367819497e-03
-2.324037184594998726e-03
-1.826029216467467756e-02
-2.828685258964147575e-02
-4.050464807436924414e-02
-4.807436918990708880e-02
-5.338645418326697090e-02
-6.088977423638780584e-02
-7.131474103585658253e-02
-8.618857901726428850e-02
-1.051128818061089210e-01
-1.259628154050465298e-01
-1.405046480743691872e-01
-1.600929614873837781e-01
-1.770916334661354341e-01
-1.918990703851261581e-01
-1.005698005698005132e-01
-8.395061728395056266e-02
-7.739791073124402399e-02
-7.046533713200375804e-02
-6.277302943969605142e-02
-5.061728395061722285e-02
-5.213675213675206255e-02
-6.324786324786316194e-02
-7.901234567901224692e-02
-9.867046533713193235e-02
-1.214624881291547220e-01
-1.457739791073123792e-01
-1.608736942070274623e-01
-1.714150047483379846e-01
-1.831908831908831137e-01
-1.754036087369419961e-01
-1.674724826239977205e-01
-1.510354964900419150e-01
-1.387255841801296463e-01
-1.212695273301333809e-01
-1.030588939679848853e-01
-9.052563598018145696e-02
-8.261996140784022558e-02
-7.587956375835169798e-02
-6.953955135773323692e-02
-8.961038961038969575e-02
-1.033057851239670422e-01
-1.208972845336482582e-01
-1.325855962219599504e-01
-1.486422668240850731e-01
-1.657615112160567561e-01
-1.703659976387250086e-01
-1.695395513577332702e-01
-1.690672963400236539e-01
-1.683589138134593266e-01
-1.612750885478158591e-01
-1.584415584415584943e-01
-1.554899645808737185e-01
-1.576151121605667560e-01
-1.570247933884298119e-01
-1.551357733175915687e-01
-1.631641086186541301e-01
-1.717827626918536355e-01
-1.778040141676505981e-01
2.210000123179049758e-02
4.084348534001337044e-02
4.740355360360310605e-02
4.197662061636557584e-02
3.581296493092455541e-02
2.964930924548353497e-02
2.082890541976620963e-02
7.120085015940484999e-03
-1.073326248671625967e-02
-2.252922422954304824e-02
-3.496280552603614478e-02
-5.494155154091392296e-02
-6.567481402763018783e-02
-6.546227417640808344e-02
-6.524973432518599292e-02
-6.854410201912861100e-02
-7.417640807651437740e-02
-7.768331562167909987e-02
-7.938363443145593501e-02
-7.959617428267802552e-02
-8.735387885228483584e-02
-9.458023379383637130e-02
-1.040382571732200168e-01
-1.173219978746015135e-01
-1.076221719108564762e-01
-9.144912134793389824e-02
-8.481320155302506103e-02
-7.754834301523763629e-02
-7.313107044197927897e-02
-6.814016429134481245e-02
-4.535723636587656038e-02
-1.816249637716161464e-02
1.003963770216139903e-02
4.044795783926220800e-02
5.204216073781292584e-02
5.718050065876153359e-02
6.890645586297758363e-02
7.457180500658762423e-02
8.405797101449273556e-02
9.090909090909089774e-02
9.051383399209486647e-02
9.025032938076416045e-02
9.301712779973650425e-02
7.031846845717618089e-02
5.934394190306394729e-02
5.195879065647590611e-02
4.500315327471141047e-02
3.921184353269006884e-02
3.312821072427989816e-02
2.930834897682007417e-02
2.138677236895718953e-02
1.719918422841599029e-02
1.957851801495576888e-02
1.726716519374570796e-02
1.685927940176745743e-02
1.923861318830722561e-02
1.651937457511891416e-02
1.407205982324943004e-02
6.458191706322164230e-03
-3.331067301155739291e-03
-1.108089734874241616e-02
-2.297756628144126054e-02
-3.759347382732840942e-02
-3.847722637661461775e-02
-3.963290278721964821e-02
-4.479945615227743511e-02
-4.507138001359625723e-02
-4.391570360299122677e-02
-4.010876954452759213e-02
-3.718558803535015889e-02
-3.677770224337191529e-02
-3.684568320870161562e-02
-2.237208999716707586e-02
-2.122957945550682513e-02
-2.228300265827605833e-02
-1.965705216706618852e-02
5.377379016347498542e-02
5.223196999701299609e-02
4.215482367344835363e-02
3.384057409845379893e-02
2.599742599742604909e-02
2.882882882882888478e-02
3.024453024453029396e-02
3.320463320463325207e-02
3.796653796653801788e-02
3.899613899613904588e-02
4.041184041184047587e-02
4.221364221364226621e-02
4.607464607464613338e-02
4.478764478764485357e-02
4.131274131274138839e-02
4.015444015444023101e-02
3.796653796653803870e-02
3.371943371943377649e-02
1.969111969111975169e-02
7.335907335907396534e-03
-5.662805662805610665e-03
-2.226512226512220027e-02
-4.362934362934357824e-02
-5.842985842985839312e-02
-6.241956241956238272e-02
-6.525096525096521494e-02
-6.333685274704040080e-02
-6.251651881678689515e-02
-5.094989666035239922e-02
-3.856828870233693779e-02
-3.162917800987503913e-02
-2.655035349405321377e-02
-1.321367326729255831e-02
1.640322819947489293e-03
7.104557640750673933e-03
7.506702412868639096e-03
1.219839142091153072e-02
-6.340206185567005825e-02
-6.505154639175252107e-02
-6.587628865979376636e-02
-6.298969072164944949e-02
-5.721649484536078800e-02
-5.051546391752572557e-02
-4.319587628865976386e-02
-3.360824742268037763e-02
-2.257731958762882601e-02
-1.731958762886593936e-02
-1.103092783505151345e-02
-4.226804123711304893e-03
2.886597938144378015e-03
1.123711340206190977e-02
1.546391752577325543e-02
1.080525209006516843e-02
3.843668256654891955e-03
-1.561778735190016282e-03
-8.005334153972419250e-03
-1.112222393188697089e-02
-1.393701595117200279e-02
-1.874185772170080394e-02
-2.328768528491568374e-02
-2.853105605990672797e-02
-3.383084577114436886e-02
-3.482587064676625349e-02
-3.731343283582098241e-02
-4.736318407960207755e-02
-5.910447761194038974e-02
-7.472636815920406794e-02
-8.985074626865681424e-02
-1.014925373134329262e-01
-1.139303482587065569e-01
-1.279601990049752114e-01
-1.403980099502488421e-01
-1.488557213930349066e-01
-1.540298507462687372e-01
-1.546268656716418832e-01
-1.563184079601990795e-01
-1.540298507462687372e-01
-1.519402985074627677e-01
-1.519402985074627677e-01
-1.521393034825871404e-01
-1.540298507462687372e-01
-3.696325807879592001e-02
-2.691456396635678525e-02
-1.978751660026558182e-02
-1.128818061088976074e-02
-1.283753873395307357e-03
7.481186365648520922e-03
1.797255422753431947e-02
2.806551571491811697e-02
3.603364320495795747e-02
3.700752545374060704e-02
3.935369632580790200e-02
4.440017706949980075e-02
5.064187693669767315e-02
5.874280655157151226e-02
6.148738379814080307e-02
5.444997694484347839e-02
3.724539348388666155e-02
1.231093758005265618e-02
-1.526688140582269614e-02
-4.271716907004231845e-02
-7.096690488485506154e-02
-1.033645600777572254e-01
-1.351356347208077513e-01
-1.714799235844115255e-01
-2.049958368026644773e-01
-2.272273105745211963e-01
-2.412572855953372120e-01
-2.504995836802664799e-01
-2.580349708576186729e-01
-2.670691090757701947e-01
-2.752289758534555153e-01
-2.776019983347211006e-01
-2.817235636969192547e-01
-2.837218984179850634e-01
-2.845545378850957707e-01
-2.853455453788509844e-01
-2.862198168193172410e-01
-2.869691923397169053e-01
-2.889675270607827140e-01
-2.884679433805162896e-01
-2.897169025811823784e-01
-2.925478767693588944e-01
-2.945462114904245920e-01
-2.952123230641132690e-01
-8.465829846582986762e-02
-8.535564853556487641e-02
-8.633193863319388317e-02
-8.465829846582986762e-02
-8.256624825662484124e-02
-7.935843793584379524e-02
-7.517433751743375636e-02
-7.099023709902371748e-02
-6.694560669456067759e-02
-6.708507670850769045e-02
-6.694560669456067759e-02
-6.596931659693165695e-02
-6.513249651324966305e-02
-6.331938633193864852e-02
-6.220362622036262890e-02
-5.598086322419909555e-02
-5.292431785919736453e-02
-5.072238845502816812e-02
-4.794478311792045588e-02
-4.405141766923672403e-02
-3.979302981016352714e-02
-3.756730359352562776e-02
-3.472141175107294753e-02
-3.255507410120476314e-02
-3.041543026706233083e-02
-3.278931750741841816e-02
-3.323442136498518801e-02
-3.397626112759646877e-02
-3.427299703264098663e-02
-3.605341246290804519e-02
-3.738872403560834085e-02
-3.516320474777450550e-02
-3.397626112759646183e-02
-3.204747774480714434e-02
-2.982195845697332287e-02
-2.804154302670626084e-02
-2.611275964391695029e-02
-2.299703264094959260e-02
-2.344213649851635897e-02
-2.136498516320479296e-02
-2.121661721068254097e-02
-2.314540059347185499e-02
-2.477744807121666504e-02
-2.581602373887244978e-02
-6.970618034447813305e-02
-7.821681864235048576e-02
-8.399189463019240964e-02
-9.381965552178309076e-02
-9.513677811550143304e-02
-9.554204660587631293e-02
-9.766970618034440110e-02
-1.006079027355622352e-01
-9.878419452887531038e-02
-1.008105369807496682e-01
-1.014184397163119949e-01
-1.027355623100303095e-01
-1.053698074974670079e-01
-1.063829787234041868e-01
-1.075987841945288126e-01
-9.727806309611149171e-02
-8.926213185200707056e-02
-8.100269014428948533e-02
-7.226985291548747303e-02
-6.269922789365188487e-02
-5.146665269189106690e-02
-4.324389476994019987e-02
-3.460818223107284958e-02
-2.599203437794772586e-02
-1.793103448275854689e-02
-2.149425287356312997e-02
-2.321839080459761270e-02
-2.517241379310335841e-02
-2.655172413793096056e-02
-2.977011494252865265e-02
-3.390804597701140011e-02
-3.022988505747117166e-02
-2.643678160919531520e-02
-2.264367816091945179e-02
-1.701149425287346723e-02
-1.137931034482750868e-02
-6.091954022988438529e-03
-2.068965517241315617e-03
-3.448275862068892611e-03
-2.758620689655114522e-03
6.149594722337781643e-17
-9.195402298849974804e-04
-1.724137931034426573e-03
-3.563218390804544049e-03
-4.824624194702940155e-02
-4.738725841088051866e-02
-3.958482462419475600e-02
-2.254831782390843975e-02
-6.728704366499695458e-03
9.520400858983483344e-03
2.827487473156760009e-02
5.118110236220467513e-02
7.659269863994269678e-02
9.534717251252679271e-02
1.133858267716535001e-01
1.257695060844666590e-01
1.330708661417322192e-01
1.299212598425196208e-01
1.311381531853972326e-01
1.357193987115246636e-01
1.374373657838224294e-01
1.383679312813170803e-01
1.382247673586255443e-01
1.453829634931996240e-01
1.322383752663827683e-01
1.135896994463723858e-01
9.211925321762852448e-02
6.847878192441129996e-02
4.122909550000147111e-02
1.557298145556886351e-02
-9.992695101834977306e-03
-3.877576292606695063e-02
-6.454872082301567338e-02
-9.355033152501507354e-02
-1.007233273056057782e-01
-9.300783604581071284e-02
-8.053044002411088864e-02
-6.708860759493669168e-02
-5.177817962628086107e-02
-3.791440626883662429e-02
-2.374924653405665123e-02
-8.740204942736572516e-03
-1.145268233875804207e-03
8.860759493670912479e-03
2.031344183242920348e-02
1.952983725135625306e-02
1.699819168173598988e-02
1.699819168173598641e-02
