1.561509817838668823e-02
1.632338762283325195e-02
1.807516068220138550e-02
1.006684452295303345e-02
1.307015866041183472e-02
1.289948076009750366e-02
1.779996603727340698e-02
1.606961339712142944e-02
1.533680409193038940e-02
1.084233075380325317e-02
-3.119893372058868408e-03
2.082586288452148438e-03
-1.038608700037002563e-02
1.178510487079620361e-03
-4.399940371513366699e-04
4.848562180995941162e-03
1.807771623134613037e-03
3.684334456920623779e-03
-1.147275418043136597e-02
-1.223579794168472290e-02
3.025062382221221924e-03
8.737176656723022461e-03
7.923446595668792725e-03
1.381301879882812500e-02
9.878195822238922119e-03
7.310733199119567871e-04
1.141051203012466431e-02
1.547178626060485840e-02
6.790496408939361572e-03
1.224450021982192993e-02
1.562313735485076904e-02
1.449307054281234741e-02
1.049213856458663940e-02
1.031995564699172974e-02
7.419295608997344971e-03
4.491865634918212891e-03
1.188255846500396729e-03
-6.747782230377197266e-03
-2.621933817863464355e-04
-8.410938084125518799e-03
4.134693741798400879e-02
4.163214936852455139e-02
4.018804430961608887e-02
4.137902706861495972e-02
4.354128241539001465e-02
4.458850622177124023e-02
4.491182416677474976e-02
4.593043029308319092e-02
4.518002271652221680e-02
4.525696486234664917e-02
4.636751115322113037e-02
4.435435682535171509e-02
4.641750082373619080e-02
4.580956697463989258e-02
4.458386451005935669e-02
4.521116614341735840e-02
4.466714709997177124e-02
4.282541200518608093e-02
4.487188160419464111e-02
4.370573535561561584e-02
3.737006336450576782e-02
3.937619179487228394e-02
3.846518695354461670e-02
3.930182754993438721e-02
4.087382555007934570e-02
4.106159508228302002e-02
4.074447229504585266e-02
4.085784405469894409e-02
4.155308008193969727e-02
4.068635404109954834e-02
4.193991050124168396e-02
4.032198712229728699e-02
4.258988425135612488e-02
4.216108471155166626e-02
4.075520485639572144e-02
4.273325577378273010e-02
4.271990060806274414e-02
4.180350154638290405e-02
4.114089906215667725e-02
4.066563397645950317e-02
-8.501626551151275635e-03
-7.168628275394439697e-03
2.655334770679473877e-03
2.824962139129638672e-03
-9.654670953750610352e-03
7.890515029430389404e-03
7.315501570701599121e-04
-3.217406570911407471e-03
1.524417847394943237e-02
1.771400123834609985e-02
1.806896179914474487e-02
2.047906070947647095e-02
1.909307390451431274e-02
9.735442698001861572e-03
2.101515978574752808e-02
1.786018162965774536e-02
2.095261961221694946e-02
1.108326762914657593e-02
2.096333354711532593e-02
2.557568997144699097e-02
2.701148390769958496e-02
2.616064995527267456e-02
4.153184592723846436e-02
4.685164615511894226e-02
4.471236839890480042e-02
4.702543467283248901e-02
4.603132233023643494e-02
4.527481272816658020e-02
4.633518680930137634e-02
3.771978244185447693e-02
3.949987515807151794e-02
4.065971821546554565e-02
4.362262785434722900e-02
4.476255923509597778e-02
4.268357902765274048e-02
4.370882734656333923e-02
4.455357044935226440e-02
4.482386261224746704e-02
4.130399227142333984e-02
4.773242399096488953e-02
4.853352531790733337e-02
4.691515862941741943e-02
4.578425362706184387e-02
4.799127951264381409e-02
4.929472878575325012e-02
4.785916954278945923e-02
4.737007617950439453e-02
5.063359439373016357e-02
4.850092530250549316e-02
4.853345453739166260e-02
4.105293005704879761e-02
3.322818875312805176e-02
4.060164839029312134e-02
3.981742262840270996e-02
3.626435995101928711e-02
3.210301697254180908e-02
3.650921210646629333e-02
3.682521358132362366e-02
3.291943296790122986e-02
2.883308380842208862e-02
1.913522928953170776e-02
2.798518911004066467e-02
2.596136927604675293e-02
2.657347172498703003e-02
3.203035891056060791e-02
2.946083247661590576e-02
3.545805811882019043e-04
6.358675658702850342e-03
-1.714006066322326660e-04
-2.043507993221282959e-03
-8.273616433143615723e-03
-2.751242369413375854e-02
-9.384341537952423096e-03
-1.170555502176284790e-02
-5.793444812297821045e-03
-1.341397315263748169e-02
3.080241382122039795e-03
-2.332851290702819824e-04
-1.622863113880157471e-03
-4.692420363426208496e-03
6.384924054145812988e-04
-2.579480409622192383e-03
-1.338769495487213135e-02
-1.953981816768646240e-03
-8.778683841228485107e-03
-1.467687636613845825e-02
-4.540756344795227051e-03
2.583421766757965088e-03
2.809114754199981689e-03
-8.650965988636016846e-03
1.709423959255218506e-03
3.375619649887084961e-03
-6.470754742622375488e-03
-1.779012382030487061e-03
-1.504836976528167725e-02
-3.448446840047836304e-02
-1.121991127729415894e-02
-1.003579050302505493e-02
-7.461987435817718506e-03
-1.324805617332458496e-02
-2.155856788158416748e-02
-1.994496583938598633e-02
-3.132974356412887573e-02
-2.415830641984939575e-02
-1.965879648923873901e-02
-2.412276715040206909e-02
-2.623655647039413452e-02
-4.080859571695327759e-02
-3.642024844884872437e-02
-5.013833194971084595e-02
-6.692165881395339966e-02
-6.142313033342361450e-02
-6.455592066049575806e-02
-6.458673626184463501e-02
-7.850699871778488159e-02
-9.082873910665512085e-02
-9.738854318857192993e-02
-9.033370763063430786e-02
-7.259944826364517212e-02
-4.164917021989822388e-02
-2.744240313768386841e-02
-1.418752223253250122e-02
-3.686107695102691650e-03
-1.225300133228302002e-03
-6.340332329273223877e-03
-1.236104220151901245e-02
-2.862487733364105225e-02
-3.496868908405303955e-02
-5.082774907350540161e-02
-5.365157872438430786e-02
-4.171768575906753540e-02
-1.615767925977706909e-02
-1.060018688440322876e-02
-6.150200963020324707e-03
8.982449769973754883e-03
1.036654412746429443e-02
1.155013591051101685e-02
1.682019978761672974e-02
2.024415135383605957e-02
1.610194891691207886e-02
2.608382329344749451e-02
2.401322126388549805e-02
2.913346886634826660e-02
2.773619443178176880e-02
2.168238162994384766e-02
2.606569603085517883e-02
2.703269198536872864e-02
2.064234763383865356e-02
9.498551487922668457e-03
2.113766968250274658e-03
6.758071482181549072e-03
2.012293785810470581e-02
2.648808062076568604e-03
1.950643211603164673e-02
2.403710037469863892e-02
1.836503297090530396e-02
2.139846235513687134e-02
1.823201030492782593e-02
2.310083061456680298e-02
2.309878170490264893e-02
2.528110891580581665e-02
1.683802157640457153e-02
2.668941020965576172e-02
1.402207463979721069e-02
1.608185470104217529e-02
1.872025430202484131e-03
-1.225583255290985107e-02
-1.353605836629867554e-02
3.123283386230468750e-05
-9.104184806346893311e-03
3.064982593059539795e-03
1.168849319219589233e-02
1.690258830785751343e-02
1.752617210149765015e-02
2.333315461874008179e-02
2.770953997969627380e-02
1.970220357179641724e-02
2.252510935068130493e-02
1.451290398836135864e-02
-4.076369106769561768e-03
1.525450497865676880e-02
1.818786561489105225e-02
1.778057962656021118e-02
1.655805855989456177e-02
1.517294347286224365e-02
1.034294068813323975e-02
-1.362333446741104126e-02
-9.676173329353332520e-03
3.327041864395141602e-03
5.130760371685028076e-03
1.999475061893463135e-03
7.002055644989013672e-04
-3.461167216300964355e-03
-1.959689706563949585e-02
4.194497317075729370e-02
4.208770394325256348e-02
4.177708923816680908e-02
4.169340431690216064e-02
4.104216769337654114e-02
4.133871942758560181e-02
4.131023958325386047e-02
4.126761108636856079e-02
4.082075878977775574e-02
4.123231023550033569e-02
4.087512195110321045e-02
4.048305749893188477e-02
3.828806430101394653e-02
3.864491358399391174e-02
3.900969401001930237e-02
3.820644691586494446e-02
3.588731586933135986e-02
3.807487338781356812e-02
3.780871629714965820e-02
3.814902156591415405e-02
3.860789537429809570e-02
3.905721753835678101e-02
3.811492770910263062e-02
3.839255124330520630e-02
4.009502381086349487e-02
4.005984216928482056e-02
4.028821736574172974e-02
3.938602656126022339e-02
3.962238132953643799e-02
3.781270235776901245e-02
3.898818790912628174e-02
4.045493155717849731e-02
4.027040302753448486e-02
3.964301943778991699e-02
3.960198909044265747e-02
3.838566690683364868e-02
3.783459216356277466e-02
3.792301937937736511e-02
3.707377612590789795e-02
3.768495470285415649e-02
3.718303143978118896e-02
3.706578537821769714e-02
3.690115734934806824e-02
3.613423556089401245e-02
2.642182260751724243e-02
2.740812301635742188e-02
2.729612216353416443e-02
2.459598332643508911e-02
2.313821762800216675e-02
1.856065541505813599e-02
1.164584606885910034e-02
3.399766981601715088e-03
-1.453625410795211792e-02
7.203407585620880127e-03
4.697240889072418213e-03
4.884369671344757080e-03
2.678267657756805420e-03
8.774764835834503174e-03
8.588366210460662842e-03
7.953867316246032715e-03
7.865056395530700684e-04
-9.187683463096618652e-04
-6.572835147380828857e-03
6.135866045951843262e-03
5.083881318569183350e-03
4.001200199127197266e-03
-5.924351513385772705e-03
-1.118179410696029663e-02
-1.341032236814498901e-02
-9.352050721645355225e-03
6.180591881275177002e-03
8.127123117446899414e-03
1.869603246450424194e-02
1.711104810237884521e-02
2.045328170061111450e-02
2.470151335000991821e-02
2.390079945325851440e-02
2.725493907928466797e-02
2.797042578458786011e-02
3.107865899801254272e-02
3.140844777226448059e-02
2.782344445586204529e-02
3.129356727004051208e-02
2.474684268236160278e-02
1.797907799482345581e-02
-6.413175910711288452e-02
-5.034019798040390015e-02
-3.628414124250411987e-02
-3.853759914636611938e-02
-3.885840624570846558e-02
-2.804575860500335693e-02
-4.130459576845169067e-02
-2.267365902662277222e-02
-1.094894856214523315e-02
-1.103617995977401733e-02
5.161486566066741943e-03
1.141335070133209229e-02
1.467279344797134399e-02
1.610963791608810425e-02
1.912472397089004517e-02
1.589047908782958984e-02
7.853999733924865723e-03
8.112333714962005615e-03
1.831283420324325562e-02
2.128256112337112427e-02
2.187634259462356567e-02
2.682908624410629272e-02
2.855575829744338989e-02
2.900690585374832153e-02
3.042174875736236572e-02
3.408112004399299622e-02
2.735713124275207520e-02
2.579667046666145325e-02
1.997231692075729370e-02
-6.923899054527282715e-04
-6.735838949680328369e-03
1.202914118766784668e-02
8.032299578189849854e-03
9.552113711833953857e-03
9.874656796455383301e-03
5.619801580905914307e-03
-3.121018409729003906e-03
8.023723959922790527e-03
3.451019525527954102e-03
-1.534457504749298096e-02
-2.394306659698486328e-02
-6.213799118995666504e-03
4.381909966468811035e-04
2.851538360118865967e-03
1.432850211858749390e-02
1.515930891036987305e-02
1.000452786684036255e-02
-2.345435321331024170e-03
1.633299142122268677e-02
1.962079852819442749e-02
1.890105754137039185e-02
1.895929872989654541e-02
2.139981836080551147e-02
2.037731558084487915e-02
2.256859838962554932e-02
2.577985823154449463e-02
2.956255152821540833e-02
2.852697670459747314e-02
2.934142947196960449e-02
2.293203026056289673e-02
2.113751322031021118e-02
3.148280084133148193e-02
3.052426502108573914e-02
3.277246654033660889e-02
3.400330245494842529e-02
3.592779487371444702e-02
3.484408929944038391e-02
3.310264274477958679e-02
3.284651041030883789e-02
3.388302400708198547e-02
2.975162491202354431e-02
3.367164358496665955e-02
3.257820010185241699e-02
2.580176293849945068e-02
2.502898126840591431e-02
2.935041859745979309e-02
1.923459768295288086e-02
2.271620929241180420e-02
2.543023973703384399e-02
2.590549737215042114e-02
2.232013642787933350e-02
1.484093815088272095e-02
6.595291197299957275e-03
-1.504293829202651978e-02
9.869486093521118164e-04
7.976062595844268799e-03
9.966038167476654053e-03
1.050918549299240112e-02
1.283601671457290649e-02
1.242002099752426147e-02
1.746825128793716431e-02
1.839228719472885132e-02
1.627565175294876099e-02
1.450788229703903198e-02
2.269490808248519897e-02
2.131283283233642578e-02
1.851288229227066040e-02
2.181681245565414429e-02
2.269435673952102661e-02
1.975852996110916138e-02
2.452469617128372192e-02
1.576777547597885132e-02
9.159214794635772705e-03
1.261771470308303833e-02
1.905628293752670288e-02
1.934700459241867065e-02
1.184457540512084961e-02
9.537421166896820068e-03
5.603268742561340332e-03
-4.765674471855163574e-03
-6.035648286342620850e-03
1.235745847225189209e-03
2.064392715692520142e-02
1.922120153903961182e-02
2.068549394607543945e-02
1.725720614194869995e-02
2.380921691656112671e-02
2.284740656614303589e-02
2.382959425449371338e-02
2.272610366344451904e-02
2.409791946411132812e-02
2.449198812246322632e-02
2.438797801733016968e-02
2.642552927136421204e-02
2.539598196744918823e-02
2.218244224786758423e-02
2.369799464941024780e-02
1.747787743806838989e-02
4.275105893611907959e-03
1.394043862819671631e-02
1.663855463266372681e-02
1.696721464395523071e-02
1.356118917465209961e-02
1.601289957761764526e-02
1.391832530498504639e-02
1.166909933090209961e-02
3.551810979843139648e-03
6.988264620304107666e-03
2.773255109786987305e-04
-1.261830329895019531e-04
4.455231130123138428e-03
4.752539098262786865e-03
-1.577772200107574463e-03
4.173363745212554932e-02
3.676644712686538696e-02
3.726184368133544922e-02
3.527436777949333191e-02
4.319998621940612793e-02
4.391735792160034180e-02
4.582168906927108765e-02
4.405004531145095825e-02
4.098626226186752319e-02
4.213182628154754639e-02
4.183530434966087341e-02
4.383705928921699524e-02
4.275064915418624878e-02
4.384328797459602356e-02
3.989269584417343140e-02
3.869171813130378723e-02
2.795229852199554443e-02
3.236017376184463501e-02
3.486201912164688110e-02
3.014536201953887939e-02
2.526031434535980225e-02
3.037784248590469360e-02
2.671038731932640076e-02
2.253708988428115845e-02
3.072010353207588196e-02
3.147464990615844727e-02
3.114954382181167603e-02
2.699279785156250000e-02
2.244973927736282349e-02
2.869854122400283813e-02
1.777700334787368774e-02
1.632031053304672241e-02
7.792152464389801025e-03
4.905946552753448486e-03
-1.309470087289810181e-02
2.390705049037933350e-03
-2.479813992977142334e-03
8.360721170902252197e-03
1.021187007427215576e-02
4.588320851325988770e-03
-2.801336348056793213e-03
1.382672786712646484e-02
2.716624736785888672e-02
2.510855346918106079e-02
3.225817531347274780e-02
3.464442491531372070e-02
3.195368498563766479e-02
3.557555750012397766e-02
3.292512893676757812e-02
3.830718621611595154e-02
3.889256343245506287e-02
3.706670552492141724e-02
3.803247958421707153e-02
3.881728276610374451e-02
4.054024070501327515e-02
3.992253169417381287e-02
3.646070510149002075e-02
4.094220697879791260e-02
3.982277214527130127e-02
3.734278678894042969e-02
3.189370036125183105e-02
2.321138232946395874e-02
2.331741899251937866e-02
3.378048539161682129e-02
3.166345506906509399e-02
3.598545491695404053e-02
3.687591105699539185e-02
3.116956353187561035e-02
3.531847894191741943e-02
3.415128216147422791e-02
3.501421213150024414e-02
3.153584524989128113e-02
2.973147481679916382e-02
3.300337493419647217e-02
3.475357219576835632e-02
3.354579210281372070e-02
4.090473800897598267e-02
4.098568111658096313e-02
4.110063612461090088e-02
4.001864418387413025e-02
4.021290689706802368e-02
4.084480553865432739e-02
4.140069335699081421e-02
4.021339118480682373e-02
4.121217131614685059e-02
4.155332222580909729e-02
4.212338849902153015e-02
4.212590679526329041e-02
4.188873618841171265e-02
3.938556462526321411e-02
4.126915335655212402e-02
3.985934704542160034e-02
3.814304247498512268e-02
4.048912972211837769e-02
4.105925559997558594e-02
4.103135317564010620e-02
4.147938638925552368e-02
4.222574830055236816e-02
4.258961230516433716e-02
4.222726076841354370e-02
4.313888773322105408e-02
4.326149821281433105e-02
4.251263290643692017e-02
4.308073967695236206e-02
4.314672574400901794e-02
4.104840382933616638e-02
4.171335697174072266e-02
4.263191670179367065e-02
4.153230786323547363e-02
4.000397771596908569e-02
4.083149135112762451e-02
3.875386714935302734e-02
3.826554119586944580e-02
3.576339036226272583e-02
3.721046820282936096e-02
3.404011949896812439e-02
3.637629002332687378e-02
3.722812607884407043e-02
3.764908015727996826e-02
3.401334583759307861e-02
2.522794902324676514e-02
2.789452299475669861e-02
2.925028651952743530e-02
3.005057573318481445e-02
1.692042499780654907e-02
2.593736350536346436e-02
3.110637143254280090e-02
2.820912003517150879e-02
2.962353080511093140e-02
2.808204293251037598e-02
2.414744347333908081e-02
1.598548144102096558e-02
-7.080204784870147705e-03
1.345162838697433472e-02
1.499497145414352417e-02
1.446931064128875732e-02
1.871717721223831177e-02
2.295573800802230835e-02
1.832388341426849365e-02
1.999443769454956055e-02
1.917488127946853638e-02
2.096679061651229858e-02
1.822552829980850220e-02
1.272561401128768921e-02
2.190417796373367310e-02
2.720752358436584473e-02
2.276851981878280640e-02
2.023116499185562134e-02
4.263743758201599121e-04
6.882250308990478516e-03
1.671000570058822632e-02
1.441218703985214233e-02
1.877815276384353638e-02
1.619341224431991577e-02
2.200323343276977539e-02
2.079627662897109985e-02
1.562713831663131714e-02
1.780668646097183228e-02
1.870476454496383667e-02
1.109825819730758667e-02
7.398173213005065918e-03
5.726337432861328125e-03
7.155589759349822998e-03
-6.333723664283752441e-03
2.834752947092056274e-02
2.680535614490509033e-02
2.716701850295066833e-02
2.804028987884521484e-02
2.926146984100341797e-02
2.988519519567489624e-02
2.780995517969131470e-02
2.836472913622856140e-02
2.848836034536361694e-02
2.856046706438064575e-02
2.792425453662872314e-02
2.765358984470367432e-02
2.810137718915939331e-02
2.729205787181854248e-02
2.700400352478027344e-02
2.630374580621719360e-02
2.803424000740051270e-02
2.707254514098167419e-02
2.516383677721023560e-02
2.476503700017929077e-02
2.482285350561141968e-02
2.370133250951766968e-02
2.325014770030975342e-02
2.159318327903747559e-02
2.368492633104324341e-02
2.132115513086318970e-02
2.066586166620254517e-02
2.409180253744125366e-02
2.200368791818618774e-02
2.207545936107635498e-02
2.341704815626144409e-02
2.626814320683479309e-02
2.714891731739044189e-02
2.779788523912429810e-02
2.791294455528259277e-02
2.741527929902076721e-02
2.503196895122528076e-02
2.628052607178688049e-02
2.231878787279129028e-02
2.243119478225708008e-02
1.821520924568176270e-02
2.201918512582778931e-02
1.814003288745880127e-02
-8.208163082599639893e-03
-1.416449993848800659e-02
-2.028882503509521484e-03
-5.615852773189544678e-03
-7.451288402080535889e-03
-3.818884491920471191e-03
-1.192068308591842651e-02
-5.403600633144378662e-03
7.127381861209869385e-03
1.081278175115585327e-02
8.901275694370269775e-03
9.450502693653106689e-03
7.548406720161437988e-03
2.430103719234466553e-03
-2.283141016960144043e-03
-1.416318118572235107e-02
-1.802375167608261108e-02
-1.827424019575119019e-02
-2.194806188344955444e-02
-1.952081173658370972e-02
-1.071982085704803467e-03
5.694523453712463379e-03
1.109109073877334595e-02
1.308915764093399048e-02
1.733066141605377197e-02
2.464897185564041138e-02
2.545846253633499146e-02
2.630949020385742188e-02
2.809268236160278320e-02
2.677239477634429932e-02
2.582764998078346252e-02
2.472005039453506470e-02
2.988850325345993042e-02
3.397087380290031433e-02
3.406881913542747498e-02
3.471185266971588135e-02
3.536942601203918457e-02
3.695083782076835632e-02
3.628560528159141541e-02
3.700605779886245728e-02
3.702303022146224976e-02
3.787529468536376953e-02
3.550784289836883545e-02
3.463844954967498779e-02
3.285905718803405762e-02
2.338907122611999512e-02
2.067577093839645386e-02
2.461548894643783569e-02
1.801817864179611206e-02
2.661278843879699707e-02
2.394348382949829102e-02
2.673580870032310486e-02
2.737762033939361572e-02
2.823393046855926514e-02
2.871808782219886780e-02
2.838123589754104614e-02
3.005853667855262756e-02
2.914705500006675720e-02
3.052654862403869629e-02
2.595221996307373047e-02
4.754010960459709167e-02
4.851062968373298645e-02
4.800023138523101807e-02
4.590872675180435181e-02
4.641647636890411377e-02
4.179217293858528137e-02
4.432940855622291565e-02
4.002782329916954041e-02
3.447917103767395020e-02
4.155284166336059570e-02
3.833653777837753296e-02
3.410773351788520813e-02
4.403114318847656250e-02
4.366443306207656860e-02
4.660337418317794800e-02
4.801166802644729614e-02
4.931821674108505249e-02
5.018148198723793030e-02
4.932327941060066223e-02
4.919770732522010803e-02
4.728591442108154297e-02
3.623965382575988770e-02
4.066992551088333130e-02
4.338443279266357422e-02
4.183858633041381836e-02
3.684191405773162842e-02
3.257422149181365967e-02
1.827461272478103638e-02
3.207645565271377563e-02
3.625526651740074158e-02
3.107416257262229919e-02
3.624443337321281433e-02
3.700455278158187866e-02
3.782754391431808472e-02
3.846449404954910278e-02
3.496229648590087891e-02
-5.315727740526199341e-02
-5.189882963895797729e-02
-3.988531976938247681e-02
-5.093846470117568970e-02
-4.525525122880935669e-02
-2.375859767198562622e-02
-1.704435050487518311e-02
-9.247839450836181641e-03
7.451176643371582031e-03
1.373038440942764282e-02
1.758460700511932373e-02
1.525901257991790771e-02
2.779359370470046997e-02
3.008985519409179688e-02
3.135289996862411499e-02
2.897571772336959839e-02
2.919483929872512817e-02
3.573413938283920288e-02
3.403239697217941284e-02
3.835358470678329468e-02
3.855526074767112732e-02
4.006853699684143066e-02
4.001773893833160400e-02
4.014196246862411499e-02
4.065899550914764404e-02
4.188773781061172485e-02
3.959795832633972168e-02
3.972371667623519897e-02
3.617838770151138306e-02
2.371955662965774536e-02
2.595756947994232178e-02
2.867484837770462036e-02
3.050135448575019836e-02
2.986026182770729065e-02
3.030316159129142761e-02
2.972965687513351440e-02
2.873695269227027893e-02
2.809789031744003296e-02
2.430427074432373047e-02
2.032975107431411743e-02
1.771111041307449341e-02
1.725611090660095215e-02
1.370365917682647705e-02
1.326277852058410645e-04
4.460433870553970337e-02
4.383690655231475830e-02
4.444304853677749634e-02
4.460714757442474365e-02
4.371561482548713684e-02
4.367901012301445007e-02
4.358899593353271484e-02
4.268626496195793152e-02
4.307537525892257690e-02
4.271737486124038696e-02
4.088352620601654053e-02
4.153240099549293518e-02
3.829305991530418396e-02
3.328716009855270386e-02
3.413968533277511597e-02
3.969908878207206726e-02
3.899619355797767639e-02
4.005268216133117676e-02
3.931031748652458191e-02
4.006244242191314697e-02
4.016481712460517883e-02
4.068084061145782471e-02
4.123794287443161011e-02
3.920631110668182373e-02
4.234829545021057129e-02
4.342389479279518127e-02
4.353324323892593384e-02
4.258735105395317078e-02
4.316874966025352478e-02
4.245387390255928040e-02
4.222123324871063232e-02
4.047131165862083435e-02
3.948332369327545166e-02
4.158448800444602966e-02
3.918921202421188354e-02
3.637934103608131409e-02
3.997062891721725464e-02
3.891568630933761597e-02
2.276244759559631348e-02
2.356606721878051758e-02
2.420035004615783691e-02
2.240815758705139160e-02
1.886188238859176636e-02
1.137267798185348511e-02
1.370542496442794800e-02
1.295423507690429688e-02
2.840302884578704834e-03
1.342793554067611694e-02
9.801819920539855957e-03
7.081717252731323242e-03
-9.328953921794891357e-03
-1.028031110763549805e-04
5.733080208301544189e-03
9.427599608898162842e-03
1.208055019378662109e-02
1.868368685245513916e-02
1.756953448057174683e-02
1.739811897277832031e-02
1.698299497365951538e-02
1.778838783502578735e-02
1.879219710826873779e-02
1.849234849214553833e-02
1.009991019964218140e-02
1.192103326320648193e-02
4.074476659297943115e-03
-6.889708340167999268e-03
-1.884371787309646606e-02
-3.519255667924880981e-02
-1.044256240129470825e-02
8.596703410148620605e-04
6.961062550544738770e-03
1.011756807565689087e-02
1.272401213645935059e-02
1.786906272172927856e-02
1.776745170354843140e-02
2.143401652574539185e-02
2.260985225439071655e-02
2.298883348703384399e-02
2.204506844282150269e-02
2.258837968111038208e-02
2.161661535501480103e-02
1.736979931592941284e-02
1.666767895221710205e-02
2.018970251083374023e-02
1.927200704813003540e-02
1.863833516836166382e-02
1.758116483688354492e-02
2.147770673036575317e-02
2.197203040122985840e-02
2.223619073629379272e-02
1.663162559270858765e-02
2.183517068624496460e-02
2.236793190240859985e-02
1.816099137067794800e-02
7.946036756038665771e-03
1.055959612131118774e-02
-3.686718642711639404e-03
-1.373963803052902222e-02
-2.461612224578857422e-02
-3.772929310798645020e-03
1.368492841720581055e-03
7.435970008373260498e-03
1.359274238348007202e-02
1.721657812595367432e-02
1.527839899063110352e-02
1.913539320230484009e-02
1.740609854459762573e-02
2.064311504364013672e-02
1.678675413131713867e-02
7.586084306240081787e-03
4.625633358955383301e-03
2.700246870517730713e-03
2.872228622436523438e-03
1.072008162736892700e-02
1.144251227378845215e-02
1.001328974962234497e-02
1.410145312547683716e-02
9.248353540897369385e-03
8.118055760860443115e-03
7.853247225284576416e-03
5.093127489089965820e-03
-1.512213051319122314e-02
-2.788030356168746948e-02
-1.499056071043014526e-02
-1.103711128234863281e-02
-3.846578299999237061e-03
3.300455957651138306e-02
3.014454990625381470e-02
2.561211585998535156e-02
2.715962380170822144e-02
2.190799266099929810e-02
2.917225286364555359e-02
2.603936940431594849e-02
2.891327068209648132e-02
3.082859888672828674e-02
3.019601106643676758e-02
3.566499799489974976e-02
3.567941859364509583e-02
3.635377436876296997e-02
3.541217744350433350e-02
3.503542393445968628e-02
3.662929683923721313e-02
3.330246359109878540e-02
3.045085817575454712e-02
3.310385346412658691e-02
3.417406976222991943e-02
3.103869035840034485e-02
3.128543868660926819e-02
3.339933976531028748e-02
2.697235718369483948e-02
2.590398490428924561e-02
2.373831719160079956e-02
2.711001038551330566e-02
2.279181033372879028e-02
2.073352783918380737e-02
2.327779680490493774e-02
2.555617690086364746e-02
2.497931569814682007e-02
3.349651396274566650e-02
3.553190454840660095e-02
3.844632953405380249e-02
3.714883327484130859e-02
3.812249377369880676e-02
3.436181694269180298e-02
3.734988719224929810e-02
3.697854280471801758e-02
3.771129250526428223e-02
3.656192868947982788e-02
3.936573490500450134e-02
3.311427682638168335e-02
3.487537801265716553e-02
3.529896587133407593e-02
3.560060262680053711e-02
3.409294411540031433e-02
3.075695782899856567e-02
3.749293833971023560e-02
3.261509537696838379e-02
3.375203907489776611e-02
3.620975092053413391e-02
3.787082433700561523e-02
3.986296802759170532e-02
4.028706625103950500e-02
4.000867158174514771e-02
4.027768224477767944e-02
3.626339137554168701e-02
3.368315100669860840e-02
3.260588645935058594e-02
2.298502624034881592e-02
3.144933655858039856e-02
2.816062420606613159e-02
2.646959573030471802e-02
2.514545619487762451e-02
1.997926086187362671e-02
2.214717864990234375e-02
1.647172868251800537e-02
4.453606903553009033e-03
1.853720843791961670e-02
1.528444141149520874e-02
5.613043904304504395e-03
6.786905229091644287e-03
1.245871931314468384e-02
8.506357669830322266e-03
2.582065388560295105e-02
3.056950867176055908e-02
3.101350367069244385e-02
2.990651875734329224e-02
3.052521497011184692e-02
3.520848602056503296e-02
3.523882478475570679e-02
3.339417278766632080e-02
3.531742841005325317e-02
2.971830964088439941e-02
3.446921706199645996e-02
3.186382725834846497e-02
2.860882878303527832e-02
2.869033068418502808e-02
2.901692688465118408e-02
1.988032460212707520e-02
1.346174627542495728e-02
2.369262278079986572e-02
2.429899573326110840e-02
1.954270154237747192e-02
1.250565797090530396e-02
8.461557328701019287e-03
1.803579181432723999e-02
2.437876909971237183e-02
2.850862592458724976e-02
3.044810891151428223e-02
2.996284514665603638e-02
3.234434127807617188e-02
2.715429291129112244e-02
1.842290908098220825e-02
2.892132475972175598e-02
2.978655695915222168e-02
2.631292864680290222e-02
2.529557794332504272e-02
1.998029649257659912e-02
2.309735864400863647e-02
1.954307407140731812e-02
2.263601124286651611e-02
1.949333399534225464e-02
1.634965091943740845e-02
-1.364871859550476074e-04
9.596295654773712158e-03
1.389221101999282837e-02
1.054187864065170288e-02
4.913724958896636963e-03
1.165481656789779663e-02
1.661028712987899780e-02
1.556690782308578491e-02
4.985034465789794922e-03
7.554836571216583252e-03
2.383632957935333252e-02
2.168953418731689453e-02
2.656116709113121033e-02
3.079531714320182800e-02
3.352696448564529419e-02
3.107199445366859436e-02
2.859278768301010132e-02
3.734500706195831299e-02
3.684580698609352112e-02
3.736013174057006836e-02
3.228918462991714478e-02
3.237662091851234436e-02
2.449648827314376831e-02
8.669130504131317139e-03
1.854927092790603638e-02
1.945234090089797974e-02
2.656286209821701050e-02
2.714611962437629700e-02
2.883185818791389465e-02
2.293623238801956177e-02
1.773438602685928345e-02
2.147451788187026978e-02
2.023199200630187988e-02
1.971210539340972900e-02
2.282229810953140259e-02
1.829903572797775269e-02
6.474032998085021973e-04
-1.530299335718154907e-02
-1.066781580448150635e-03
1.369111239910125732e-03
-6.512142717838287354e-03
-1.514806598424911499e-02
-3.583639115095138550e-02
-5.470215529203414917e-02
-7.135228067636489868e-02
3.590683639049530029e-02
3.594256192445755005e-02
3.057179227471351624e-02
3.626971691846847534e-02
3.804652765393257141e-02
3.681848943233489990e-02
3.970798850059509277e-02
3.171992674469947815e-02
3.500091284513473511e-02
2.841118350625038147e-02
3.303014859557151794e-02
1.559140533208847046e-02
2.569816261529922485e-02
1.237963885068893433e-02
2.640248462557792664e-02
2.737357467412948608e-02
2.298497408628463745e-02
3.138674795627593994e-02
3.779401630163192749e-02
3.938761726021766663e-02
4.115356877446174622e-02
4.059596732258796692e-02
4.372302070260047913e-02
4.403551667928695679e-02
4.489807039499282837e-02
4.881997033953666687e-02
4.705683141946792603e-02
4.869071766734123230e-02
4.279861599206924438e-02
2.836997061967849731e-02
3.399953246116638184e-02
3.926954418420791626e-02
3.942791372537612915e-02
3.324928134679794312e-02
4.070064052939414978e-02
3.651740774512290955e-02
3.309470787644386292e-02
3.712353110313415527e-02
3.429296985268592834e-02
3.021136298775672913e-02
3.033110499382019043e-02
2.829753607511520386e-02
2.675072476267814636e-02
2.384857088327407837e-02
2.797382697463035583e-02
2.041276544332504272e-02
2.055626362562179565e-02
2.479131519794464111e-02
2.405360341072082520e-02
2.600747346878051758e-02
2.816977351903915405e-02
2.297748625278472900e-02
1.977138966321945190e-02
2.380912005901336670e-02
2.084349095821380615e-02
2.218712121248245239e-02
2.585863694548606873e-02
2.352532744407653809e-02
2.075073868036270142e-02
1.353804022073745728e-02
7.941372692584991455e-03
1.569296419620513916e-02
1.783522218465805054e-02
2.211349457502365112e-02
2.208722382783889771e-02
1.965240389108657837e-02
-2.409420907497406006e-03
-4.751019179821014404e-03
7.958590984344482422e-03
8.875377476215362549e-03
-2.379813790321350098e-02
-1.355984061956405640e-02
-2.276586741209030151e-02
-2.129510790109634399e-02
-2.056793868541717529e-02
-2.696140110492706299e-02
-1.173244416713714600e-02
-1.209720224142074585e-02
-9.241178631782531738e-04
-3.245338797569274902e-03
4.879422485828399658e-03
7.109276950359344482e-03
1.183099299669265747e-02
-2.283886075019836426e-03
-2.156310528516769409e-02
-1.069740206003189087e-02
-1.072442531585693359e-02
-6.675675511360168457e-03
2.152341604232788086e-02
2.420827001333236694e-02
2.663384377956390381e-02
3.262677043676376343e-02
3.546477854251861572e-02
3.799321502447128296e-02
3.946922719478607178e-02
4.050071910023689270e-02
4.033093154430389404e-02
4.036183655261993408e-02
4.089051112532615662e-02
4.137972742319107056e-02
4.225701838731765747e-02
4.037917032837867737e-02
3.843600675463676453e-02
3.846541792154312134e-02
3.871225565671920776e-02
3.851263597607612610e-02
3.691986203193664551e-02
3.813094645738601685e-02
3.778199851512908936e-02
3.562044352293014526e-02
3.474662080407142639e-02
3.445064276456832886e-02
3.135120868682861328e-02
3.593042865395545959e-02
3.629114851355552673e-02
3.718141466379165649e-02
3.727142512798309326e-02
3.108027204871177673e-02
2.814768254756927490e-02
3.045674413442611694e-02
3.056569397449493408e-02
3.108105063438415527e-02
3.219318389892578125e-02
3.221405670046806335e-02
3.185367956757545471e-02
3.090145438909530640e-02
3.270521387457847595e-02
3.216635435819625854e-02
2.921050041913986206e-02
2.955839037895202637e-02
2.798831835389137268e-02
2.637512981891632080e-02
2.186594158411026001e-02
1.981473714113235474e-02
2.172280102968215942e-02
1.989420503377914429e-02
1.719466596841812134e-02
2.283485978841781616e-02
1.954675465822219849e-02
2.579573169350624084e-02
2.615797892212867737e-02
2.615789324045181274e-02
2.859815582633018494e-02
2.464536577463150024e-02
2.644855156540870667e-02
2.147840708494186401e-02
1.211348921060562134e-02
1.872534304857254028e-02
2.281671017408370972e-02
1.823598891496658325e-02
1.462943851947784424e-02
1.134330779314041138e-02
8.613914251327514648e-03
5.850203335285186768e-03
6.021641194820404053e-03
-1.840204000473022461e-03
-1.525930315256118774e-02
-1.330854743719100952e-02
-1.847156137228012085e-02
-5.467958748340606689e-03
-1.829856634140014648e-02
6.433308124542236328e-03
7.007844746112823486e-03
5.746118724346160889e-03
3.000728785991668701e-03
-1.611597836017608643e-03
2.768330276012420654e-03
4.321999847888946533e-03
4.502691328525543213e-03
-2.292819321155548096e-03
-3.109350800514221191e-04
1.984298229217529297e-03
-8.529499173164367676e-04
-2.703338861465454102e-03
-1.286578923463821411e-02
-1.450934261083602905e-02
-3.332378715276718140e-02
-5.095491558313369751e-02
-4.267368465662002563e-02
-3.127420693635940552e-02
-2.958973497152328491e-02
-2.360767871141433716e-02
-2.719426900148391724e-02
-2.249584347009658813e-02
-2.436848729848861694e-02
-1.690734922885894775e-02
-1.989328116178512573e-02
-2.477284520864486694e-02
-3.071341663599014282e-02
-5.315936356782913208e-02
-6.401140242815017700e-02
-4.190701991319656372e-02
-2.248161286115646362e-02
-1.737309247255325317e-02
-1.395209878683090210e-02
1.067370176315307617e-04
-1.787468791007995605e-04
1.449741423130035400e-03
5.465291440486907959e-03
5.447208881378173828e-03
-5.658261477947235107e-03
-1.377407461404800415e-02
-4.789106547832489014e-03
4.376672208309173584e-03
4.129536449909210205e-03
7.413826882839202881e-03
1.369035989046096802e-02
1.135534793138504028e-02
5.858503282070159912e-03
1.069188117980957031e-02
-2.757333219051361084e-03
-8.086211979389190674e-03
-2.030687034130096436e-02
-6.272584199905395508e-03
3.120481967926025391e-03
3.696821630001068115e-03
9.455598890781402588e-03
1.162635535001754761e-02
4.227496683597564697e-03
1.542150974273681641e-03
-2.014204859733581543e-03
-1.558715105056762695e-02
-5.152747035026550293e-04
7.656291127204895020e-04
-1.990430057048797607e-03
-1.506762951612472534e-02
5.004309117794036865e-03
1.116750389337539673e-02
1.397176831960678101e-02
1.745754480361938477e-02
2.122379839420318604e-02
1.590530574321746826e-02
1.321900635957717896e-02
1.309625804424285889e-02
-4.624508321285247803e-03
-2.561986446380615234e-03
1.100917905569076538e-02
6.802596151828765869e-03
6.813801825046539307e-03
1.050966233015060425e-02
1.051861792802810669e-02
8.519910275936126709e-03
5.478121340274810791e-03
7.837414741516113281e-04
1.288123428821563721e-03
-2.751819789409637451e-03
1.399569213390350342e-03
7.002741098403930664e-03
2.969413995742797852e-03
1.338995993137359619e-02
8.309468626976013184e-03
1.175462454557418823e-02
1.410022377967834473e-02
1.511653512716293335e-02
1.999943703413009644e-02
2.168046683073043823e-02
2.263038605451583862e-02
2.170399576425552368e-02
1.662528514862060547e-02
8.827231824398040771e-03
1.784837245941162109e-02
1.024864614009857178e-02
1.062054187059402466e-02
2.908207476139068604e-03
6.630487740039825439e-03
-2.085641026496887207e-04
-2.986602485179901123e-03
8.286461234092712402e-04
5.665041506290435791e-03
1.182971894741058350e-02
1.634296029806137085e-02
1.546014845371246338e-02
1.508831232786178589e-02
1.989736407995223999e-02
2.147901803255081177e-02
2.490925043821334839e-02
2.243397384881973267e-02
2.389527112245559692e-02
2.300801128149032593e-02
1.861789077520370483e-02
1.993014663457870483e-02
1.768333464860916138e-02
1.583292335271835327e-02
1.888758689165115356e-02
1.806096732616424561e-02
1.630157977342605591e-02
2.060201019048690796e-02
2.039053291082382202e-02
1.846862584352493286e-02
2.539806813001632690e-02
2.482987940311431885e-02
1.449907571077346802e-02
1.634694635868072510e-02
1.275622099637985229e-02
8.754014968872070312e-03
8.348360657691955566e-03
1.690971106290817261e-02
2.020799368619918823e-02
1.647987216711044312e-02
1.944483071565628052e-02
1.434154063463211060e-02
1.412577182054519653e-02
2.096968144178390503e-02
2.283410727977752686e-02
1.988386362791061401e-02
2.294346690177917480e-02
2.692488580942153931e-02
2.658471837639808655e-02
2.503007650375366211e-02
2.871057391166687012e-02
3.048748522996902466e-02
2.785353362560272217e-02
2.977370470762252808e-02
2.816926687955856323e-02
2.440448850393295288e-02
1.656359434127807617e-02
1.803402602672576904e-02
1.820189505815505981e-02
1.295907050371170044e-02
2.192767709493637085e-02
2.109941095113754272e-02
1.968664675951004028e-02
1.573211699724197388e-02
1.068215072154998779e-02
1.755816489458084106e-02
1.715105026960372925e-02
1.780547946691513062e-02
1.855098456144332886e-02
1.546684652566909790e-02
1.119067519903182983e-02
1.240608841180801392e-02
1.108780503273010254e-02
9.656772017478942871e-04
3.493244946002960205e-02
3.497437387704849243e-02
3.538016974925994873e-02
3.138381242752075195e-02
3.211629390716552734e-02
3.025995939970016479e-02
2.581481635570526123e-02
2.903450652956962585e-02
2.868863195180892944e-02
2.344303578138351440e-02
1.479378342628479004e-02
2.052304148674011230e-02
2.490910142660140991e-02
2.453065663576126099e-02
1.303610950708389282e-02
2.266710251569747925e-02
2.635249122977256775e-02
2.499405294656753540e-02
2.762785553932189941e-02
2.773804962635040283e-02
3.011048957705497742e-02
3.074678033590316772e-02
2.953462302684783936e-02
2.989306300878524780e-02
3.027390316128730774e-02
2.656187117099761963e-02
3.014765679836273193e-02
2.797097712755203247e-02
1.977077871561050415e-02
2.050467580556869507e-02
1.799943298101425171e-02
2.360459417104721069e-02
1.663611829280853271e-02
2.385682612657546997e-02
2.126642316579818726e-02
9.463794529438018799e-03
2.328380942344665527e-02
1.982059329748153687e-02
2.192073315382003784e-02
2.211869508028030396e-02
2.198801934719085693e-02
2.347586303949356079e-02
2.081669867038726807e-02
-2.443508058786392212e-02
-2.169953286647796631e-02
-1.130881160497665405e-02
-1.917883008718490601e-02
-3.275117278099060059e-02
-3.060127049684524536e-02
-3.751540929079055786e-02
-2.764393389225006104e-02
-3.510997444391250610e-02
-2.690894156694412231e-02
-4.009512811899185181e-02
-3.623414039611816406e-02
-1.710498332977294922e-02
-2.218542993068695068e-02
-9.403772652149200439e-03
-8.822433650493621826e-03
-3.704912960529327393e-03
-1.334272325038909912e-03
3.542095422744750977e-03
3.142893314361572266e-03
-7.083423435688018799e-03
-8.594475686550140381e-03
-1.425025612115859985e-02
-7.816612720489501953e-03
-1.189581304788589478e-02
-1.655525714159011841e-02
-5.801543593406677246e-03
-9.467996656894683838e-03
-1.203922182321548462e-02
-1.717889308929443359e-02
-1.818779110908508301e-02
-2.942246943712234497e-02
-3.687687963247299194e-02
-4.660017043352127075e-02
-5.576846748590469360e-02
-7.206121832132339478e-02
-7.834310084581375122e-02
-6.774934381246566772e-02
-5.963740497827529907e-02
-5.875284224748611450e-02
-6.622789055109024048e-02
-4.632300883531570435e-02
-3.852016478776931763e-02
-3.439310938119888306e-02
-3.863542526960372925e-02
-3.182912617921829224e-02
-3.043559193611145020e-02
-3.760103136301040649e-02
-1.590954512357711792e-02
-1.737423986196517944e-02
-1.419328898191452026e-02
-1.124531775712966919e-02
-2.838218957185745239e-02
-1.143906265497207642e-02
-3.751583397388458252e-03
-3.773473203182220459e-03
-6.627462804317474365e-03
-1.138409972190856934e-02
-3.056772053241729736e-02
-5.536968261003494263e-02
-7.283777743577957153e-02
-5.319645255804061890e-02
-5.410487204790115356e-02
-4.064410179853439331e-02
-3.691656142473220825e-02
-4.261719435453414917e-02
-2.733778208494186401e-02
1.322935521602630615e-02
1.764454692602157593e-02
1.022649556398391724e-02
9.846933186054229736e-03
2.469621598720550537e-03
4.043683409690856934e-03
4.656672477722167969e-03
-1.491093635559082031e-02
-2.859674394130706787e-03
6.514564156532287598e-04
-1.874320209026336670e-03
-2.524457871913909912e-03
-1.781798899173736572e-03
-1.357935369014739990e-02
-1.636008173227310181e-02
-4.566279798746109009e-02
-5.398561805486679077e-02
-5.254004150629043579e-02
-6.454328447580337524e-02
-7.008478790521621704e-02
-6.729490309953689575e-02
-5.053897947072982788e-02
-4.443136602640151978e-02
-4.874024540185928345e-02
-4.686770588159561157e-02
-4.285841435194015503e-02
-4.946794360876083374e-02
-4.558827728033065796e-02
-6.304142624139785767e-02
-7.669619470834732056e-02
-8.221719413995742798e-02
-8.001220971345901489e-02
-9.177578240633010864e-02
-9.826233237981796265e-02
-7.867089658975601196e-02
-6.658030301332473755e-02
-7.536350935697555542e-02
-8.569914847612380981e-02
-9.440133720636367798e-02
-7.942483574151992798e-02
-8.676483482122421265e-02
-6.389159709215164185e-02
-4.912773519754409790e-02
-3.474149852991104126e-02
-5.291441828012466431e-02
-5.533313006162643433e-02
-5.862291902303695679e-02
-7.130212336778640747e-02
-6.860346347093582153e-02
-5.949795991182327271e-02
-6.277699023485183716e-02
-6.675068289041519165e-02
-5.652389675378799438e-02
-5.346832424402236938e-02
-6.851071864366531372e-02
-6.901288777589797974e-02
-8.009133487939834595e-02
-9.275612980127334595e-02
-1.009819284081459045e-01
-9.562740474939346313e-02
-9.450162202119827271e-02
-8.126262575387954712e-02
-8.187528699636459351e-02
-8.878090232610702515e-02
-8.854574710130691528e-02
-6.228137761354446411e-02
-5.554877966642379761e-02
-5.933222919702529907e-02
-4.929926246404647827e-02
-5.353974550962448120e-02
-5.907128006219863892e-02
-5.793059617280960083e-02
-3.158203512430191040e-02
-2.936854958534240723e-02
-3.074587136507034302e-02
-2.532647550106048584e-02
-2.105393260717391968e-02
-1.120898872613906860e-02
1.192688941955566406e-04
-3.014124929904937744e-03
-8.227102458477020264e-03
-8.535727858543395996e-03
4.227004945278167725e-03
3.184847533702850342e-03
1.149330288171768188e-02
1.637506484985351562e-02
2.072738856077194214e-02
2.289927750825881958e-02
2.561840415000915527e-02
2.241442352533340454e-02
2.810016274452209473e-02
3.064028918743133545e-02
3.126876056194305420e-02
3.091165795922279358e-02
3.341979533433914185e-02
3.479080274701118469e-02
3.720083832740783691e-02
3.814170509576797485e-02
3.879855945706367493e-02
3.852688521146774292e-02
3.714146465063095093e-02
3.705751895904541016e-02
3.736402839422225952e-02
3.472428023815155029e-02
3.657911717891693115e-02
3.141680732369422913e-02
3.187097609043121338e-02
3.156593814492225647e-02
2.786117792129516602e-02
2.808614820241928101e-02
2.380425482988357544e-02
2.681302279233932495e-02
2.473489940166473389e-02
2.082558721303939819e-02
1.722275465726852417e-02
1.107337325811386108e-02
1.183028519153594971e-02
6.003253161907196045e-03
8.205018937587738037e-03
2.025440335273742676e-03
-1.713614165782928467e-02
-1.140488684177398682e-02
9.845741093158721924e-03
1.423039287328720093e-02
1.719757169485092163e-02
1.939675956964492798e-02
2.065856009721755981e-02
2.628033235669136047e-02
2.190446108579635620e-02
2.357404679059982300e-02
2.652708441019058228e-02
2.778482437133789062e-02
2.998979389667510986e-02
2.193114906549453735e-02
2.998754382133483887e-02
2.976960688829421997e-02
2.494837343692779541e-02
3.433400392532348633e-02
3.163701668381690979e-02
3.460243344306945801e-02
3.497847542166709900e-02
3.401149064302444458e-02
3.556665033102035522e-02
3.599125519394874573e-02
3.822747990489006042e-02
3.878538310527801514e-02
3.012043237686157227e-02
3.216662630438804626e-02
2.086769044399261475e-02
-1.949630677700042725e-03
5.085907876491546631e-03
-8.848890662193298340e-03
-1.124191284179687500e-02
-2.914547920227050781e-02
-1.234360784292221069e-02
2.133063971996307373e-03
4.323445260524749756e-03
1.362640410661697388e-02
8.242070674896240234e-03
-2.238325774669647217e-03
7.380835711956024170e-03
1.085573434829711914e-02
8.672624826431274414e-03
9.449057281017303467e-03
4.922584444284439087e-02
5.086896568536758423e-02
4.964293539524078369e-02
5.209606885910034180e-02
5.011904984712600708e-02
4.937012866139411926e-02
4.803913086652755737e-02
4.607328027486801147e-02
4.383666813373565674e-02
4.321353882551193237e-02
4.474295303225517273e-02
4.484366625547409058e-02
4.371956735849380493e-02
4.045179113745689392e-02
4.432735219597816467e-02
4.416377097368240356e-02
4.566103219985961914e-02
4.689759388566017151e-02
4.718648269772529602e-02
4.422189295291900635e-02
4.571984708309173584e-02
4.052265733480453491e-02
3.544724360108375549e-02
3.772066161036491394e-02
4.196229204535484314e-02
4.049835726618766785e-02
4.007541388273239136e-02
3.177315741777420044e-02
3.449796140193939209e-02
3.312556445598602295e-02
3.453729301691055298e-02
3.485810011625289917e-02
2.845127880573272705e-02
3.333270549774169922e-02
3.231783956289291382e-02
3.122984617948532104e-02
2.847129479050636292e-02
-7.358364760875701904e-03
-1.207617670297622681e-02
-2.359928935766220093e-02
-1.499039679765701294e-02
3.818668425083160400e-03
7.779143750667572021e-03
1.015003770589828491e-02
1.469796150922775269e-02
7.816299796104431152e-03
1.090009510517120361e-02
3.344602882862091064e-03
-1.287785917520523071e-02
-2.307146787643432617e-04
-1.370389759540557861e-02
-4.682727158069610596e-03
-1.895928382873535156e-02
-1.743117719888687134e-02
-1.810036599636077881e-03
9.957030415534973145e-04
9.278431534767150879e-04
9.306602180004119873e-03
7.578365504741668701e-03
-4.881732165813446045e-03
2.063654363155364990e-03
1.115102320909500122e-02
1.201481372117996216e-02
7.393531501293182373e-03
1.131584495306015015e-02
1.264079660177230835e-02
-2.125039696693420410e-03
8.180432021617889404e-03
-1.063788682222366333e-02
-3.115601837635040283e-03
-2.821808308362960815e-02
-2.374328672885894775e-02
-6.911359727382659912e-03
-6.331212818622589111e-03
-1.354588568210601807e-02
-1.197125017642974854e-02
-1.180908828973770142e-02
-1.529077440500259399e-02
-8.559606969356536865e-03
-9.017132222652435303e-03
-2.003923803567886353e-02
2.371544390916824341e-02
2.978643029928207397e-02
2.985146641731262207e-02
1.620208472013473511e-02
1.623215526342391968e-02
1.235243678092956543e-02
1.556108146905899048e-02
1.824107021093368530e-02
1.672077924013137817e-02
1.165858656167984009e-02
1.670514792203903198e-02
6.996549665927886963e-03
-5.088068544864654541e-03
-5.010314285755157471e-03
-2.247561514377593994e-02
-7.089346647262573242e-03
-9.535826742649078369e-03
-3.187954425811767578e-04
-2.837270498275756836e-03
-8.665770292282104492e-05
-5.588702857494354248e-03
-1.631852239370346069e-02
6.413273513317108154e-03
1.219826191663742065e-02
2.030756324529647827e-02
2.419436722993850708e-02
2.036508172750473022e-02
1.929924637079238892e-02
1.081122457981109619e-02
-2.845771610736846924e-03
7.054738700389862061e-03
-2.400554716587066650e-03
-8.411742746829986572e-03
2.937756478786468506e-03
7.056824862957000732e-03
7.635444402694702148e-03
7.610641419887542725e-03
-5.599796772003173828e-03
-1.454669237136840820e-02
-1.516806334257125854e-02
-2.259375154972076416e-02
-3.769219666719436646e-02
-4.439524561166763306e-02
-4.619709402322769165e-02
6.954558193683624268e-03
4.706330597400665283e-03
8.267685770988464355e-03
-8.179403841495513916e-03
-1.408844441175460815e-02
3.295913338661193848e-04
-6.234869360923767090e-04
-7.874548435211181641e-03
-1.636067777872085571e-02
-2.811921387910842896e-02
-2.727452665567398071e-02
-4.911138862371444702e-02
-4.203847795724868774e-02
-6.334803253412246704e-02
-4.652018100023269653e-02
-5.126800388097763062e-02
-7.478458434343338013e-02
-8.601159602403640747e-02
-5.779319256544113159e-02
-4.253991693258285522e-02
-4.407710582017898560e-02
-4.148115962743759155e-02
-2.921890467405319214e-02
-2.476762980222702026e-02
-9.663924574851989746e-04
1.045260578393936157e-02
1.606737822294235229e-02
2.174150943756103516e-02
2.103050798177719116e-02
2.722285687923431396e-03
1.268959045410156250e-02
1.883687824010848999e-02
2.070219069719314575e-02
1.761109381914138794e-02
2.287368476390838623e-02
2.458410710096359253e-02
9.333394467830657959e-03
1.869668066501617432e-02
1.008986681699752808e-02
-6.113722920417785645e-04
2.439424395561218262e-03
1.182464510202407837e-02
1.860576868057250977e-02
9.593293070793151855e-03
1.702909171581268311e-02
2.945140749216079712e-02
3.264080733060836792e-02
3.080976009368896484e-02
3.161139413714408875e-02
3.180927783250808716e-02
2.727668732404708862e-02
2.578936889767646790e-02
2.938169986009597778e-02
3.046813607215881348e-02
2.937299013137817383e-02
2.890584617853164673e-02
2.780590206384658813e-02
2.328270673751831055e-02
1.722373068332672119e-02
1.292292028665542603e-02
-8.265726268291473389e-03
2.606384456157684326e-03
-6.608441472053527832e-04
1.485809683799743652e-03
-3.039315342903137207e-03
-1.076601445674896240e-02
-1.433631032705307007e-02
-3.273601830005645752e-02
-5.254707485437393188e-02
-2.327739447355270386e-02
-1.752901077270507812e-02
-2.548518031835556030e-02
-2.862083166837692261e-02
-1.733435690402984619e-02
-5.556143820285797119e-03
1.236496120691299438e-02
1.396720111370086670e-02
1.590732485055923462e-02
2.444040030241012573e-02
2.716678008437156677e-02
2.654317766427993774e-02
2.769596874713897705e-02
3.144829720258712769e-02
1.756018400192260742e-02
2.125034481287002563e-02
1.710823923349380493e-02
2.821244671940803528e-02
2.537398040294647217e-02
2.617644518613815308e-02
2.266107499599456787e-02
2.354020625352859497e-02
2.741088345646858215e-02
2.641623467206954956e-02
2.390430867671966553e-02
2.645497396588325500e-02
2.470389753580093384e-02
2.123592048883438110e-02
2.145730704069137573e-02
2.480402588844299316e-02
2.324283868074417114e-02
2.022833377122879028e-02
1.027665287256240845e-02
3.455214202404022217e-03
-1.267336308956146240e-03
-1.685602962970733643e-02
-2.682580798864364624e-02
-1.571223884820938110e-02
-5.933143198490142822e-03
-6.938725709915161133e-05
-2.295114099979400635e-03
7.239200174808502197e-03
1.118314266204833984e-02
4.672147333621978760e-03
1.083099842071533203e-02
1.737449318170547485e-02
1.494887471199035645e-02
1.653791964054107666e-02
1.879219710826873779e-02
1.554773002862930298e-02
8.418597280979156494e-03
-6.310224533081054688e-03
1.794210821390151978e-02
1.671195030212402344e-03
1.380105316638946533e-02
1.335936039686203003e-02
9.981699287891387939e-03
7.863432168960571289e-03
-5.514867603778839111e-03
6.863698363304138184e-03
6.991632282733917236e-03
6.849892437458038330e-03
9.004913270473480225e-03
